1666059836.452089 0.141447 -0.178366 -0.128359 0.508571 -0.495004 0.493038 0.503230
1666059836.551674 0.140859 -0.178185 -0.128470 0.508579 -0.495013 0.492985 0.503265
1666059836.651352 0.140715 -0.179008 -0.128468 0.508545 -0.494981 0.493004 0.503313
1666059836.751101 0.139725 -0.179194 -0.129861 0.508533 -0.494984 0.493001 0.503324
1666059836.850908 0.140887 -0.179066 -0.129149 0.508508 -0.494987 0.493017 0.503331
1666059836.950758 0.140975 -0.179209 -0.131113 0.508533 -0.494975 0.493016 0.503318
1666059837.050643 0.140435 -0.179104 -0.130853 0.508543 -0.494970 0.493015 0.503314
1666059837.150556 0.140461 -0.178649 -0.130702 0.508556 -0.494954 0.493041 0.503291
1666059837.250489 0.140461 -0.178649 -0.130702 0.508556 -0.494954 0.493041 0.503291
1666059837.350441 0.139703 -0.177312 -0.129483 0.508612 -0.495021 0.492939 0.503269
1666059837.450401 0.139742 -0.177716 -0.128497 0.508589 -0.494977 0.493002 0.503273
1666059837.550370 0.137988 -0.176362 -0.127008 0.508645 -0.494967 0.493009 0.503222
1666059837.650346 0.137715 -0.177489 -0.126819 0.508623 -0.494975 0.493044 0.503200
1666059837.750328 0.138512 -0.177562 -0.124861 0.508586 -0.495000 0.493022 0.503234
1666059837.850313 0.138563 -0.177540 -0.125945 0.508578 -0.495028 0.493032 0.503206
1666059837.950303 0.138511 -0.177246 -0.125972 0.508563 -0.495053 0.493075 0.503154
1666059838.050294 0.140148 -0.177331 -0.125242 0.508560 -0.495041 0.493054 0.503189
1666059838.150288 0.140784 -0.177273 -0.125468 0.508565 -0.495064 0.493049 0.503166
1666059838.250283 0.139576 -0.176987 -0.125752 0.508580 -0.495052 0.493047 0.503165
1666059838.350278 0.140260 -0.177838 -0.127522 0.508577 -0.495024 0.493051 0.503192
1666059838.450278 0.140048 -0.177226 -0.127407 0.508576 -0.495009 0.493060 0.503199
1666059838.550278 0.139070 -0.177201 -0.128587 0.508632 -0.495034 0.493006 0.503171
1666059838.650278 0.138635 -0.176754 -0.126816 0.508646 -0.495008 0.493027 0.503162
1666059838.750278 0.138455 -0.176541 -0.127490 0.508673 -0.495040 0.492983 0.503145
1666059838.850278 0.138964 -0.176742 -0.127491 0.508601 -0.495015 0.493034 0.503193
1666059838.950278 0.139204 -0.177134 -0.127184 0.508597 -0.495020 0.493049 0.503177
1666059839.050278 0.138529 -0.176952 -0.128302 0.508634 -0.495068 0.492997 0.503144
1666059839.150278 0.138372 -0.177292 -0.128590 0.508617 -0.495068 0.492967 0.503191
1666059839.250278 0.138053 -0.177190 -0.128005 0.508596 -0.495036 0.493029 0.503182
1666059839.350278 0.138654 -0.177668 -0.128300 0.508593 -0.495018 0.493036 0.503196
1666059839.450278 0.138406 -0.177243 -0.127328 0.508592 -0.495054 0.493034 0.503164
1666059839.550278 0.137956 -0.176818 -0.127378 0.508597 -0.495019 0.493046 0.503181
1666059839.650278 0.136822 -0.177167 -0.128404 0.508625 -0.495009 0.493018 0.503190
1666059839.750278 0.137517 -0.177202 -0.126505 0.508619 -0.495054 0.493001 0.503168
1666059839.850278 0.134112 -0.176136 -0.128015 0.508439 -0.495092 0.493313 0.503007
1666059839.950278 0.136575 -0.176658 -0.131011 0.508826 -0.494890 0.492922 0.503198
1666059840.050278 0.133572 -0.177075 -0.134615 0.508747 -0.494903 0.493023 0.503167
1666059840.150278 0.130597 -0.178316 -0.129180 0.508616 -0.495501 0.493110 0.502625
1666059840.250278 0.132434 -0.181989 -0.122279 0.509251 -0.496802 0.492217 0.501571
1666059840.350278 0.129970 -0.179182 -0.096463 0.509503 -0.497261 0.492036 0.501039
1666059840.450278 0.129516 -0.177154 -0.047016 0.508938 -0.497008 0.492657 0.501252
1666059840.550278 0.128434 -0.176226 0.024359 0.507957 -0.496518 0.493102 0.502296
1666059840.650278 0.133118 -0.177305 0.090105 0.507773 -0.496364 0.493758 0.501989
1666059840.750278 0.132842 -0.180907 0.159507 0.507711 -0.496457 0.494309 0.501417
1666059840.850278 0.136243 -0.181070 0.239414 0.508015 -0.497328 0.494138 0.500413
1666059840.950278 0.137347 -0.180807 0.328778 0.508487 -0.498353 0.493689 0.499356
1666059841.050278 0.137542 -0.178370 0.419326 0.507548 -0.498350 0.494049 0.499958
1666059841.150278 0.136982 -0.176307 0.536512 0.507365 -0.498609 0.494488 0.499451
1666059841.250278 0.137124 -0.177325 0.636233 0.507110 -0.497632 0.495409 0.499773
1666059841.350278 0.136574 -0.179796 0.731303 0.506985 -0.498028 0.495692 0.499224
1666059841.450278 0.140564 -0.174862 0.834821 0.506276 -0.497789 0.496218 0.499658
1666059841.550278 0.139049 -0.177425 0.921372 0.506166 -0.497616 0.496568 0.499594
1666059841.650278 0.140417 -0.178064 1.027557 0.505930 -0.498425 0.496808 0.498787
1666059841.750268 0.148282 -0.177668 1.129163 0.506279 -0.499101 0.496727 0.497837
1666059841.850255 0.145692 -0.177271 1.246424 0.505731 -0.499369 0.497461 0.497392
1666059841.950246 0.144947 -0.179013 1.376803 0.503774 -0.498727 0.499039 0.498441
1666059842.050238 0.142651 -0.163817 1.533829 0.497224 -0.493694 0.505014 0.503980
1666059842.150232 0.142981 -0.161082 1.662761 0.496032 -0.492262 0.506586 0.504976
1666059842.250228 0.145525 -0.175394 1.795673 0.501733 -0.495312 0.503891 0.499022
1666059842.350225 0.154536 -0.174813 1.920294 0.501511 -0.494314 0.504358 0.499762
1666059842.450226 0.143521 -0.187954 2.028442 0.505419 -0.501636 0.498528 0.494350
1666059842.550227 0.144905 -0.164765 2.125998 0.509652 -0.505904 0.493822 0.490363
1666059842.650233 0.146646 -0.178932 2.222920 0.511919 -0.508697 0.491097 0.487841
1666059842.750237 0.135853 -0.170403 2.330054 0.508387 -0.507668 0.494202 0.489469
1666059842.850242 0.141994 -0.171323 2.421366 0.511036 -0.507300 0.494066 0.487224
1666059842.950248 0.144515 -0.193376 2.513170 0.510406 -0.508292 0.493411 0.487515
1666059843.050255 0.133440 -0.188819 2.641755 -0.508237 0.511208 -0.492635 -0.487515
1666059843.150263 0.136267 -0.183277 2.781263 -0.506613 0.509085 -0.496363 -0.487645
1666059843.250271 0.131906 -0.200623 2.955029 -0.502558 0.508156 -0.497590 -0.491544
1666059843.350281 0.126618 -0.186092 3.124620 -0.497514 0.506702 -0.499684 -0.496032
1666059843.450294 0.118045 -0.187405 3.313667 -0.497559 0.506333 -0.500398 -0.495644
1666059843.550307 0.117583 -0.191503 3.464013 -0.498108 0.506606 -0.500175 -0.495039
1666059843.650318 0.114140 -0.193344 3.628465 -0.497381 0.506554 -0.500895 -0.495093
1666059843.750323 0.109497 -0.189307 3.784316 -0.496783 0.506856 -0.501376 -0.494898
1666059843.850323 0.107482 -0.191585 3.920410 -0.495634 0.505585 -0.502845 -0.495861
1666059843.950323 0.098982 -0.193817 4.061227 -0.494241 0.505184 -0.504188 -0.496294
1666059844.050323 0.099497 -0.190213 4.188236 0.492729 -0.504658 0.505068 0.497437
1666059844.150323 0.101914 -0.189388 4.321583 0.491534 -0.503726 0.506518 0.498089
1666059844.250323 0.090442 -0.178719 4.446779 0.491423 -0.503106 0.507186 0.498144
1666059844.350323 0.094089 -0.184917 4.590026 0.494680 -0.502721 0.504230 0.498311
1666059844.450323 0.090699 -0.191753 4.743112 0.493115 -0.501915 0.504635 0.500263
1666059844.550323 0.081483 -0.182517 4.892650 0.491750 -0.500263 0.506121 0.501758
1666059844.650323 0.075725 -0.175675 5.031683 0.492186 -0.497543 0.506052 0.504100
1666059844.750323 0.076728 -0.171068 5.184089 0.495665 -0.495535 0.502552 0.506165
1666059844.850323 0.082388 -0.170098 5.302815 0.496467 -0.495403 0.501895 0.506160
1666059844.950323 0.082064 -0.164017 5.432958 0.498055 -0.495214 0.500971 0.505700
1666059845.050323 0.083538 -0.161624 5.575750 0.499361 -0.494832 0.499234 0.506504
1666059845.150323 0.085291 -0.159363 5.683944 0.499584 -0.494951 0.498798 0.506596
1666059845.250323 0.084445 -0.158536 5.842401 0.500627 -0.494458 0.498799 0.506047
1666059845.350323 0.090387 -0.158435 5.978356 0.501776 -0.494399 0.497438 0.506306
1666059845.450323 0.086444 -0.153057 6.122973 0.502683 -0.494509 0.496165 0.506549
1666059845.550323 0.067068 -0.170000 6.268371 0.504151 -0.491166 0.496477 0.508034
1666059845.650323 0.066126 -0.148360 6.419683 0.509415 -0.483102 0.492830 0.514031
1666059845.750323 0.069276 -0.133282 6.566862 0.516773 -0.478514 0.483006 0.520265
1666059845.850323 0.115282 -0.157109 6.731210 0.516948 -0.478662 0.479276 0.523396
1666059845.950323 0.108682 -0.141335 6.872184 0.519057 -0.475915 0.480269 0.522902
1666059846.050323 0.135408 -0.134441 7.008725 0.521126 -0.476978 0.478854 0.521170
1666059846.150323 0.146336 -0.145476 7.157309 0.521148 -0.477074 0.477334 0.522454
1666059846.250323 0.160680 -0.140886 7.308162 0.521268 -0.476806 0.477036 0.522850
1666059846.350323 0.170985 -0.139573 7.450072 0.521283 -0.477342 0.476571 0.522770
1666059846.450323 0.168804 -0.132361 7.603073 0.520167 -0.477080 0.475019 0.525527
1666059846.550323 0.191679 -0.143410 7.736972 0.521543 -0.477305 0.475268 0.523730
1666059846.650330 0.206623 -0.113874 7.850387 0.523821 -0.476649 0.474255 0.522972
1666059846.750350 0.209544 -0.150991 7.982339 0.526112 -0.478336 0.470702 0.522343
1666059846.850365 0.223372 -0.137833 8.133727 0.521285 -0.473116 0.474505 0.528460
1666059846.950379 0.243232 -0.137743 8.276406 0.521352 -0.473492 0.473742 0.528741
1666059847.050388 0.265766 -0.134279 8.423979 0.518570 -0.472029 0.477125 0.529741
1666059847.150398 0.279274 -0.149175 8.584664 0.518336 -0.467339 0.482200 0.529534
1666059847.250406 0.299335 -0.093461 8.691236 0.520541 -0.471010 0.478977 0.527037
1666059847.350410 0.304084 -0.135496 8.829818 0.521046 -0.474725 0.476351 0.525583
1666059847.450414 0.316021 -0.121014 8.943565 0.520118 -0.473023 0.479492 0.525181
1666059847.550416 0.320645 -0.116616 9.056642 0.521386 -0.474087 0.479098 0.523320
1666059847.650416 0.331041 -0.118332 9.179935 0.520021 -0.474504 0.479499 0.523932
1666059847.750414 0.351327 -0.117638 9.284082 0.521474 -0.474855 0.479878 0.521820
1666059847.850411 0.354118 -0.111765 9.388402 0.521405 -0.476065 0.479793 0.520863
1666059847.950407 0.363281 -0.117246 9.533533 0.518943 -0.476984 0.481502 0.520903
1666059848.050402 0.384210 -0.109793 9.668502 0.519359 -0.476970 0.482223 0.519834
1666059848.150396 0.389531 -0.105493 9.821489 0.519289 -0.476894 0.482220 0.519976
1666059848.250389 0.397615 -0.112697 9.967269 0.517438 -0.475798 0.484516 0.520691
1666059848.350381 0.405200 -0.099925 10.115272 0.517406 -0.476665 0.484174 0.520247
1666059848.450374 0.420260 -0.102763 10.255077 0.515946 -0.477072 0.484442 0.521076
1666059848.550364 0.429517 -0.103683 10.389810 0.514758 -0.476890 0.486363 0.520626
1666059848.650354 0.437358 -0.091075 10.506881 0.513025 -0.477249 0.489948 0.518643
1666059848.750354 0.436781 -0.100051 10.609011 0.506929 -0.480449 0.494802 0.517071
1666059848.850354 0.454947 -0.095466 10.709793 0.511807 -0.482692 0.491703 0.513118
1666059848.950354 0.454947 -0.095466 10.709793 0.511807 -0.482692 0.491703 0.513118
1666059849.050354 0.451299 -0.095776 10.758237 0.511843 -0.486220 0.490790 0.510619
1666059849.150354 0.452225 -0.094458 10.855409 0.511063 -0.488832 0.490462 0.509221
1666059849.250336 0.454877 -0.088427 10.967877 0.510086 -0.489908 0.491502 0.508163
1666059849.350321 0.455289 -0.085196 11.108208 0.508016 -0.489262 0.493205 0.509207
1666059849.450309 0.466016 -0.086819 11.252854 0.507531 -0.488528 0.494194 0.509437
1666059849.550297 0.470075 -0.085562 11.393713 0.507050 -0.488886 0.494569 0.509209
1666059849.650288 0.471203 -0.080804 11.532520 0.507488 -0.489889 0.493451 0.508891
1666059849.750278 0.476456 -0.082936 11.660368 0.506354 -0.491530 0.494216 0.507695
1666059849.850271 0.485521 -0.087744 11.800764 0.507603 -0.492519 0.494818 0.504895
1666059849.950263 0.478321 -0.078550 11.929851 0.507565 -0.493588 0.495595 0.503125
1666059850.050256 0.485865 -0.076819 12.087462 0.505995 -0.493763 0.497046 0.503103
1666059850.150248 0.485937 -0.071205 12.241426 0.504364 -0.494986 0.497243 0.503345
1666059850.250242 0.482422 -0.066365 12.405845 0.501770 -0.495439 0.498227 0.504517
1666059850.350235 0.489041 -0.073755 12.564011 0.501616 -0.494714 0.499713 0.503912
1666059850.450231 0.494917 -0.063622 12.716120 0.501708 -0.494406 0.500803 0.503040
1666059850.550225 0.491060 -0.063584 12.868057 0.500443 -0.494664 0.501137 0.503712
1666059850.650220 0.478093 -0.067700 13.010496 0.500347 -0.495816 0.500550 0.503260
1666059850.750215 0.483197 -0.063274 13.159611 0.499803 -0.495165 0.501452 0.503542
1666059850.850210 0.472629 -0.061014 13.290475 0.497420 -0.498275 0.500926 0.503358
1666059850.950205 0.478736 -0.060544 13.430827 0.497195 -0.498715 0.501583 0.502489
1666059851.050201 0.480088 -0.058992 13.568744 0.497420 -0.499030 0.503172 0.500360
1666059851.150200 0.483055 -0.084032 13.716429 -0.499511 0.502275 -0.500821 -0.497379
1666059851.250200 0.471397 -0.024828 13.855400 -0.498013 0.503108 -0.500789 -0.498071
1666059851.350199 0.469834 -0.050285 14.019536 0.491145 -0.501474 0.504382 0.502892
1666059851.450200 0.470302 -0.047855 14.178488 0.493961 -0.500961 0.504856 0.500161
1666059851.550200 0.476036 -0.023585 14.333088 0.490363 -0.497407 0.509492 0.502543
1666059851.650200 0.458066 -0.067812 14.492295 0.487714 -0.499326 0.508704 0.504014
1666059851.750200 0.461276 -0.033058 14.631892 0.493022 -0.503343 0.505161 0.498383
1666059851.850199 0.458421 -0.040135 14.786233 0.490972 -0.501262 0.508130 0.499485
1666059851.950207 0.456943 -0.040130 14.929180 0.491956 -0.503864 0.506188 0.497867
1666059852.050220 0.448823 -0.036311 15.065923 0.491059 -0.504963 0.506387 0.497437
1666059852.150232 0.446674 -0.039017 15.211530 -0.491702 0.505968 -0.505656 -0.496525
1666059852.250242 0.442169 -0.032603 15.347554 -0.492614 0.507735 -0.505025 -0.494455
1666059852.350251 0.440382 -0.033582 15.487538 -0.492389 0.508759 -0.504627 -0.494031
1666059852.450259 0.430961 -0.035352 15.624615 -0.493287 0.510451 -0.504273 -0.491748
1666059852.550268 0.427152 -0.039556 15.768900 -0.494534 0.511935 -0.503462 -0.489780
1666059852.650278 0.417988 -0.034980 15.917096 -0.494366 0.513819 -0.502758 -0.488697
1666059852.750289 0.409097 -0.037705 16.067371 -0.493900 0.515246 -0.502456 -0.487977
1666059852.850299 0.404625 -0.028999 16.219692 -0.493364 0.515246 -0.503670 -0.487267
1666059852.950308 0.403507 -0.031629 16.369757 -0.492004 0.515149 -0.505098 -0.487267
1666059853.050314 0.394181 -0.035508 16.522277 -0.490961 0.514854 -0.505779 -0.487923
1666059853.150321 0.385388 -0.032858 16.667931 -0.490713 0.515411 -0.506676 -0.486653
1666059853.250325 0.381776 -0.042572 16.820101 -0.490695 0.514758 -0.507455 -0.486549
1666059853.350329 0.369075 -0.042251 16.972698 -0.490165 0.516453 -0.506621 -0.486156
1666059853.450332 0.359049 -0.038463 17.118215 -0.489718 0.517057 -0.507173 -0.485390
1666059853.550332 0.351492 -0.036276 17.271544 -0.489341 0.516456 -0.508618 -0.484897
1666059853.650330 0.350020 -0.044586 17.409748 -0.490094 0.517392 -0.509024 -0.482708
1666059853.750325 0.336807 -0.044908 17.569954 -0.489108 0.517640 -0.509423 -0.483022
1666059853.850320 0.325013 -0.038527 17.711020 -0.488113 0.517752 -0.510799 -0.482455
1666059853.950315 0.323011 -0.043898 17.870093 -0.488371 0.517100 -0.511555 -0.482091
1666059854.050314 0.314186 -0.045515 18.027574 -0.487410 0.517230 -0.512530 -0.481888
1666059854.150315 0.307467 -0.048261 18.173872 -0.486795 0.517848 -0.512956 -0.481394
1666059854.250314 0.293532 -0.043899 18.323277 -0.486473 0.518149 -0.514279 -0.479981
1666059854.350314 0.289090 -0.048990 18.458906 -0.487577 0.519224 -0.514031 -0.477961
1666059854.450315 0.276020 -0.047456 18.599126 -0.486635 0.518809 -0.514888 -0.478449
1666059854.550314 0.264209 -0.051463 18.739227 -0.486348 0.519790 -0.514999 -0.477555
1666059854.650315 0.256579 -0.056702 18.875458 -0.486283 0.520883 -0.514833 -0.476609
1666059854.750314 0.244098 -0.056924 19.014978 -0.485018 0.522734 -0.514630 -0.476090
1666059854.850314 0.230966 -0.052419 19.161647 -0.485132 0.523417 -0.515040 -0.474778
1666059854.950315 0.223255 -0.060068 19.291938 -0.485816 0.524161 -0.515435 -0.472825
1666059855.050314 0.206223 -0.070500 19.430225 -0.484032 0.525234 -0.515777 -0.473090
1666059855.150315 0.192389 -0.061363 19.582741 -0.480916 0.525136 -0.516615 -0.475457
1666059855.250314 0.183185 -0.057825 19.713781 -0.480448 0.526147 -0.517385 -0.473973
1666059855.350314 0.167448 -0.054173 19.849651 -0.482618 0.527557 -0.517494 -0.470067
1666059855.450315 0.151730 -0.080835 19.980004 -0.483701 0.531875 -0.515895 -0.465825
1666059855.550314 0.141414 -0.083385 20.122680 -0.478279 0.531486 -0.519294 -0.468086
1666059855.650315 0.123446 -0.065038 20.276983 -0.475843 0.531665 -0.520971 -0.468502
1666059855.750314 0.103673 -0.076047 20.427226 -0.476685 0.530956 -0.521944 -0.467366
1666059855.850314 0.092589 -0.084979 20.588240 -0.474431 0.530912 -0.523371 -0.468113
1666059855.950315 0.063454 -0.062806 20.728248 -0.475005 0.533628 -0.522330 -0.465599
1666059856.050314 0.059636 -0.084374 20.856966 -0.476576 0.536505 -0.520461 -0.462771
1666059856.150315 0.046413 -0.080735 20.986768 -0.475758 0.537458 -0.521296 -0.461565
1666059856.250314 0.028527 -0.101844 21.112083 -0.474008 0.538445 -0.521563 -0.461914
1666059856.350314 0.001454 -0.082317 21.247359 -0.471108 0.540491 -0.522218 -0.461752
1666059856.450315 -0.013652 -0.096845 21.375314 -0.471156 0.540753 -0.523300 -0.460169
1666059856.550314 -0.033048 -0.096037 21.521214 -0.470055 0.541043 -0.523981 -0.460177
1666059856.650315 -0.058929 -0.102290 21.672128 -0.469257 0.541608 -0.524011 -0.460293
1666059856.750314 -0.079490 -0.101515 21.819979 -0.469167 0.540719 -0.525506 -0.459725
1666059856.850314 -0.091356 -0.102006 21.966029 -0.469437 0.541220 -0.525216 -0.459192
1666059856.950315 -0.125602 -0.106185 22.089354 -0.468839 0.542287 -0.525713 -0.457973
1666059857.050314 -0.131752 -0.115573 22.235601 -0.467990 0.542038 -0.526755 -0.457939
1666059857.150315 -0.154851 -0.106321 22.360551 -0.466719 0.542328 -0.528342 -0.457064
1666059857.250314 -0.176591 -0.118245 22.512297 -0.466399 0.543060 -0.529137 -0.455599
1666059857.350314 -0.190416 -0.105694 22.639878 -0.465885 0.542557 -0.530129 -0.455571
1666059857.450315 -0.216081 -0.123198 22.775423 -0.466835 0.543711 -0.530056 -0.453302
1666059857.550314 -0.235941 -0.108608 22.916842 -0.465333 0.544846 -0.530921 -0.452470
1666059857.650315 -0.252050 -0.121615 23.036912 -0.466172 0.546690 -0.530239 -0.450178
1666059857.750314 -0.280172 -0.127772 23.175085 -0.466118 0.547571 -0.530523 -0.448826
1666059857.850314 -0.304421 -0.132577 23.302824 -0.464049 0.546600 -0.533041 -0.449170
1666059857.950315 -0.323453 -0.119239 23.430458 -0.464755 0.547752 -0.532279 -0.447937
1666059858.050314 -0.353049 -0.141154 23.565721 -0.464460 0.548406 -0.533107 -0.446457
1666059858.150315 -0.361416 -0.143336 23.690547 -0.463418 0.547291 -0.535247 -0.446348
1666059858.250314 -0.398211 -0.130970 23.822917 -0.464066 0.547823 -0.535324 -0.444926
1666059858.350314 -0.418344 -0.137839 23.951493 -0.463930 0.550123 -0.534241 -0.443530
1666059858.450315 -0.446557 -0.155155 24.079809 -0.462856 0.551370 -0.533833 -0.443595
1666059858.550314 -0.470963 -0.153518 24.226817 -0.462116 0.551417 -0.535082 -0.442802
1666059858.650315 -0.495904 -0.153877 24.350822 -0.462413 0.551328 -0.535917 -0.441591
1666059858.750299 -0.513783 -0.156132 24.476663 -0.460229 0.553136 -0.537778 -0.439344
1666059858.850287 -0.536730 -0.160632 24.593145 -0.456850 0.555925 -0.538993 -0.437860
1666059858.950279 -0.571641 -0.173251 24.715699 -0.452814 0.557979 -0.540955 -0.437019
1666059859.050272 -0.591822 -0.172904 24.840444 -0.447927 0.559971 -0.544707 -0.434843
1666059859.150267 -0.634339 -0.163831 24.954076 -0.448188 0.561428 -0.544975 -0.432352
1666059859.250262 -0.650170 -0.173830 25.077018 -0.445564 0.562578 -0.546158 -0.432076
1666059859.350260 -0.690296 -0.181024 25.206426 -0.442597 0.562185 -0.547445 -0.434002
1666059859.450259 -0.715908 -0.181235 25.355765 -0.440639 0.560896 -0.549945 -0.434503
1666059859.550258 -0.751926 -0.177744 25.474599 -0.438177 0.559198 -0.552621 -0.435784
1666059859.650259 -0.784587 -0.177360 25.593796 -0.437313 0.561822 -0.551346 -0.434890
1666059859.750259 -0.821800 -0.189640 25.709937 -0.437820 0.562923 -0.552058 -0.432044
1666059859.850259 -0.842980 -0.186825 25.805482 -0.445256 0.566367 -0.549232 -0.423459
1666059859.950258 -0.866123 -0.176305 25.907546 -0.445004 0.569664 -0.548126 -0.420728
1666059860.050258 -0.908755 -0.181977 26.026703 -0.441741 0.573625 -0.545821 -0.421780
1666059860.150259 -0.938633 -0.203142 26.159352 -0.441124 0.574181 -0.546701 -0.420528
1666059860.250261 -0.974503 -0.192465 26.292326 -0.439344 0.571177 -0.550763 -0.421180
1666059860.350263 -1.010998 -0.202092 26.441850 -0.433751 0.568169 -0.555029 -0.425425
1666059860.450268 -1.051323 -0.209995 26.560200 -0.433611 0.568556 -0.555302 -0.424694
1666059860.550273 -1.075475 -0.207214 26.673551 -0.430302 0.571640 -0.557460 -0.421077
1666059860.650280 -1.075475 -0.207214 26.673551 -0.430302 0.571640 -0.557460 -0.421077
1666059860.750281 -1.113430 -0.210463 26.765765 -0.426301 0.573872 -0.559664 -0.419182
1666059860.850281 -1.141449 -0.220167 26.853385 -0.425388 0.577461 -0.561116 -0.413196
1666059860.950281 -1.163470 -0.212130 26.937857 -0.421821 0.581471 -0.564562 -0.406481
1666059861.050281 -1.215695 -0.213369 27.032151 -0.413217 0.587373 -0.568932 -0.400699
1666059861.150281 -1.259990 -0.216589 27.139989 -0.405241 0.591760 -0.575366 -0.393133
1666059861.250281 -1.292084 -0.211434 27.240589 -0.398254 0.595704 -0.580781 -0.386294
1666059861.350281 -1.335402 -0.218501 27.335185 -0.386674 0.603258 -0.587041 -0.376756
1666059861.450281 -1.363872 -0.222094 27.449654 -0.380224 0.606062 -0.592215 -0.370674
1666059861.550281 -1.409803 -0.218467 27.527703 -0.375275 0.608197 -0.595558 -0.366845
1666059861.650281 -1.439705 -0.227701 27.593180 -0.367683 0.612753 -0.599488 -0.360494
1666059861.750281 -1.459794 -0.235871 27.649370 -0.363373 0.615999 -0.603340 -0.352825
1666059861.850281 -1.479808 -0.232140 27.690193 -0.359913 0.619303 -0.605340 -0.347116
1666059861.950281 -1.514122 -0.235024 27.714774 -0.358802 0.623630 -0.604725 -0.341547
1666059862.050281 -1.537108 -0.227615 27.769032 -0.354049 0.627074 -0.607362 -0.335468
1666059862.150281 -1.584909 -0.230462 27.816814 -0.347826 0.630847 -0.609573 -0.330861
1666059862.250281 -1.623290 -0.233641 27.865256 -0.337128 0.636597 -0.614633 -0.321425
1666059862.350281 -1.644760 -0.236147 27.918480 -0.328570 0.640145 -0.620055 -0.312711
1666059862.450281 -1.660133 -0.238914 27.939545 -0.320939 0.644135 -0.624163 -0.304151
1666059862.550281 -1.663439 -0.239976 27.957379 -0.315011 0.647381 -0.627208 -0.297113
1666059862.650281 -1.676739 -0.244840 27.955335 -0.308202 0.651433 -0.630653 -0.287963
1666059862.750281 -1.693591 -0.239468 27.967122 -0.300408 0.655934 -0.634073 -0.278311
1666059862.850281 -1.719993 -0.243473 27.992973 -0.292336 0.660583 -0.636797 -0.269554
1666059862.950281 -1.759332 -0.242211 28.020455 -0.284240 0.664583 -0.639821 -0.261086
1666059863.050281 -1.794692 -0.240179 28.056150 -0.275727 0.668335 -0.642810 -0.253174
1666059863.150281 -1.855495 -0.244290 28.094915 -0.265067 0.672255 -0.646949 -0.243453
1666059863.250274 -1.909862 -0.240849 28.143518 -0.254241 0.675769 -0.651475 -0.232975
1666059863.350260 -1.945796 -0.261877 28.201526 -0.244388 0.677228 -0.658424 -0.219348
1666059863.450248 -2.005708 -0.257522 28.247820 -0.234850 0.680877 -0.661837 -0.207902
1666059863.550236 -2.053689 -0.255437 28.270682 -0.219546 0.685984 -0.666545 -0.192209
1666059863.650226 -2.078787 -0.259675 28.298210 -0.204941 0.690191 -0.671026 -0.177086
1666059863.750215 -2.106961 -0.261269 28.325813 -0.193793 0.692898 -0.674575 -0.165180
1666059863.850205 -2.120341 -0.264339 28.341613 -0.182588 0.695803 -0.677623 -0.152793
1666059863.950196 -2.144485 -0.262884 28.340863 -0.170418 0.699682 -0.679638 -0.139622
1666059864.050188 -2.165622 -0.265965 28.351112 -0.158576 0.701818 -0.682991 -0.125805
1666059864.150180 -2.195503 -0.259821 28.375043 -0.149951 0.703566 -0.684861 -0.116079
1666059864.250173 -2.245689 -0.273512 28.392008 -0.139501 0.704977 -0.687739 -0.102766
1666059864.350166 -2.287098 -0.265458 28.424004 -0.130432 0.706008 -0.690015 -0.091754
1666059864.450161 -2.345800 -0.276753 28.436217 -0.122022 0.707837 -0.691220 -0.079318
1666059864.550155 -2.421074 -0.285494 28.459412 -0.110747 0.710633 -0.691688 -0.065593
1666059864.650151 -2.505362 -0.279129 28.479010 -0.100142 0.711061 -0.693983 -0.052456
1666059864.750146 -2.608279 -0.282755 28.501048 -0.084856 0.713177 -0.694998 -0.033988
1666059864.850141 -2.658341 -0.290281 28.524351 -0.072495 0.711059 -0.699226 -0.014905
1666059864.950137 -2.725735 -0.308809 28.547160 -0.065132 0.710626 -0.700547 -0.001194
1666059865.050133 -2.831799 -0.300545 28.552460 -0.051822 0.710572 -0.701599 0.012655
1666059865.150131 -2.928513 -0.308347 28.560867 -0.036087 0.710470 -0.702283 0.026970
1666059865.250129 -3.002507 -0.327914 28.577031 -0.023516 0.711123 -0.701480 0.040950
1666059865.350129 -3.081692 -0.321759 28.564477 -0.008745 0.711708 -0.700209 0.055694
1666059865.450130 -3.176356 -0.332998 28.566021 0.003021 0.713117 -0.697744 0.067884
1666059865.550129 -3.246742 -0.336104 28.543730 0.018185 0.712606 -0.696633 0.081016
1666059865.650130 -3.331869 -0.335810 28.527432 0.032551 0.711764 -0.695291 0.094351
1666059865.750129 -3.395866 -0.352724 28.525514 0.045649 0.708356 -0.696208 0.106966
1666059865.850129 -3.460544 -0.360724 28.509632 0.051977 0.707700 -0.695111 0.115239
1666059865.950130 -3.555426 -0.363994 28.482146 0.054709 0.709173 -0.692702 0.119353
1666059866.050129 -3.648532 -0.375037 28.459476 0.056560 0.710186 -0.691227 0.121001
1666059866.150130 -3.760605 -0.375277 28.418883 0.057846 0.710070 -0.690847 0.123223
1666059866.250129 -3.885071 -0.371842 28.400378 0.058516 0.708221 -0.692686 0.123227
1666059866.350129 -3.984993 -0.378660 28.380331 0.063458 0.704241 -0.696704 0.120920
1666059866.450130 -4.105116 -0.405903 28.350416 0.064124 0.703550 -0.697744 0.118566
1666059866.550129 -4.198522 -0.428852 28.325613 0.058990 0.706707 -0.695324 0.116660
1666059866.650130 -4.338078 -0.417270 28.267456 0.059083 0.709497 -0.692887 0.114149
1666059866.750129 -4.501118 -0.412590 28.253090 0.061259 0.706791 -0.696255 0.109189
1666059866.850129 -4.638141 -0.439575 28.217123 0.063620 0.704040 -0.698854 0.109007
1666059866.950130 -4.773393 -0.457024 28.171515 0.065691 0.705468 -0.697422 0.107712
1666059867.050129 -4.909534 -0.459275 28.138767 0.066173 0.708444 -0.694580 0.106241
1666059867.150130 -5.006449 -0.446770 28.106025 0.067133 0.707569 -0.695379 0.106245
1666059867.250129 -5.132648 -0.453503 28.079814 0.066308 0.706133 -0.697056 0.105317
1666059867.350129 -5.255124 -0.470962 28.057801 0.064003 0.706404 -0.697088 0.104711
1666059867.450130 -5.375204 -0.470408 28.021093 0.064375 0.706936 -0.696627 0.103956
1666059867.550129 -5.526434 -0.484244 27.980999 0.062589 0.708290 -0.695601 0.102694
1666059867.650130 -5.648325 -0.482220 27.942828 0.062960 0.708616 -0.695289 0.102334
1666059867.750129 -5.797876 -0.489995 27.915776 0.062921 0.707180 -0.696856 0.101633
1666059867.850129 -5.928145 -0.503896 27.873602 0.062389 0.708219 -0.696024 0.100419
1666059867.950130 -6.064523 -0.505329 27.838231 0.060374 0.709517 -0.694972 0.099771
1666059868.050129 -6.208379 -0.519212 27.797170 0.059896 0.710071 -0.694732 0.097767
1666059868.150130 -6.374014 -0.507631 27.772836 0.058319 0.708841 -0.696400 0.095761
1666059868.250129 -6.508752 -0.521566 27.745019 0.055739 0.708797 -0.696635 0.095912
1666059868.350129 -6.628394 -0.532853 27.711250 0.052291 0.711675 -0.693701 0.097796
1666059868.450130 -6.751124 -0.542488 27.658971 0.051023 0.713491 -0.692101 0.096558
1666059868.550129 -6.879845 -0.542694 27.644272 0.048961 0.712090 -0.693632 0.096977
1666059868.650130 -7.004773 -0.552764 27.619500 0.046955 0.711352 -0.694769 0.095232
1666059868.750129 -7.134975 -0.555086 27.580828 0.043490 0.711851 -0.694352 0.096191
1666059868.850129 -7.274980 -0.574448 27.554061 0.043212 0.713687 -0.693350 0.089715
1666059868.950130 -7.426581 -0.590883 27.530033 0.042912 0.712143 -0.695291 0.087072
1666059869.050129 -7.568320 -0.580121 27.501513 0.041340 0.712491 -0.695342 0.084534
1666059869.150130 -7.710878 -0.609466 27.474004 0.041879 0.714029 -0.693821 0.083789
1666059869.250129 -7.819565 -0.580387 27.466738 0.041510 0.713783 -0.694360 0.081576
1666059869.350129 -7.944354 -0.612595 27.429637 0.037895 0.711774 -0.696481 0.082792
1666059869.450130 -8.078801 -0.605777 27.414627 0.038446 0.711009 -0.697495 0.080553
1666059869.550129 -8.208478 -0.619064 27.397518 0.034818 0.710931 -0.697881 0.079543
1666059869.650130 -8.364265 -0.628215 27.364448 0.036191 0.711234 -0.697819 0.076712
1666059869.750129 -8.518064 -0.638206 27.342284 0.036412 0.710901 -0.698487 0.073547
1666059869.850129 -8.653338 -0.635953 27.327387 0.035553 0.711413 -0.698312 0.070621
1666059869.950130 -8.794373 -0.645873 27.296540 0.035842 0.711516 -0.698355 0.068999
1666059870.050129 -8.930923 -0.654205 27.279522 0.035709 0.710770 -0.699199 0.068200
1666059870.150130 -9.055930 -0.653894 27.260357 0.036835 0.710864 -0.699315 0.065371
1666059870.250129 -9.206314 -0.657838 27.241771 0.037175 0.710803 -0.699354 0.065423
1666059870.350129 -9.339547 -0.661619 27.224965 0.037708 0.710733 -0.699502 0.064299
1666059870.450130 -9.477750 -0.658584 27.201129 0.037012 0.711200 -0.699100 0.063903
1666059870.550129 -9.603149 -0.663176 27.182016 0.036056 0.711585 -0.698768 0.063797
1666059870.650130 -9.757033 -0.675773 27.158804 0.034899 0.711128 -0.699338 0.063294
1666059870.750129 -9.903075 -0.675172 27.140730 0.035455 0.710495 -0.700106 0.061574
1666059870.850129 -10.046572 -0.679899 27.113399 0.035748 0.711172 -0.699569 0.059659
1666059870.950130 -10.196598 -0.681476 27.095984 0.036705 0.711671 -0.699114 0.058446
1666059871.050129 -10.353243 -0.691286 27.073099 0.038038 0.711050 -0.699772 0.057270
1666059871.150130 -10.499883 -0.684015 27.049802 0.038559 0.710815 -0.700016 0.056852
1666059871.250129 -10.655409 -0.689001 27.027271 0.038480 0.711406 -0.699375 0.057401
1666059871.350129 -10.793751 -0.693347 27.010876 0.038416 0.711483 -0.699241 0.058117
1666059871.450130 -10.925850 -0.693948 26.990975 0.038039 0.711332 -0.699410 0.058181
1666059871.550129 -11.063738 -0.698351 26.972241 0.038868 0.711690 -0.698986 0.058347
1666059871.650130 -11.195842 -0.703845 26.954071 0.039249 0.711744 -0.698937 0.058019
1666059871.750129 -11.312635 -0.705054 26.937346 0.038714 0.711567 -0.699194 0.057460
1666059871.850129 -11.436899 -0.708540 26.918573 0.037942 0.710976 -0.699890 0.056816
1666059871.950130 -11.555430 -0.705557 26.901475 0.036341 0.711054 -0.699931 0.056380
1666059872.050129 -11.691829 -0.710321 26.884640 0.034850 0.711846 -0.699182 0.056617
1666059872.150130 -11.839395 -0.716170 26.859745 0.034812 0.712321 -0.698756 0.055923
1666059872.250129 -11.983765 -0.714543 26.839132 0.036002 0.712225 -0.698916 0.054362
1666059872.350129 -11.983765 -0.714543 26.839132 0.036002 0.712225 -0.698916 0.054362
1666059872.450130 -12.137805 -0.721337 26.822269 0.037807 0.712206 -0.698929 0.053209
1666059872.550129 -12.289439 -0.723101 26.803857 0.038126 0.711551 -0.699605 0.052861
1666059872.650130 -12.444600 -0.728899 26.786192 0.038335 0.711342 -0.699821 0.052660
1666059872.750129 -12.575904 -0.726317 26.760007 0.035179 0.711474 -0.699754 0.053959
1666059872.850129 -12.713577 -0.730352 26.743341 0.032542 0.711942 -0.699238 0.056084
1666059872.950125 -12.871850 -0.737134 26.729705 0.031723 0.710866 -0.700369 0.056093
1666059873.050119 -12.999588 -0.740624 26.701046 0.031132 0.710350 -0.701112 0.053625
1666059873.150115 -13.147112 -0.743557 26.694956 0.027997 0.710315 -0.701192 0.054762
1666059873.250110 -13.262214 -0.748444 26.675501 0.024506 0.710788 -0.700705 0.056494
1666059873.350106 -13.414693 -0.741871 26.665319 0.024856 0.710878 -0.700850 0.053321
1666059873.450104 -13.566540 -0.760148 26.643166 0.025559 0.710086 -0.701829 0.050589
1666059873.550102 -13.705364 -0.748325 26.626531 0.023882 0.711005 -0.700809 0.052618
1666059873.650100 -13.864978 -0.748054 26.618669 0.025723 0.711366 -0.700611 0.049403
1666059873.750098 -14.027720 -0.784322 26.585246 0.026149 0.711457 -0.700615 0.047786
1666059873.850097 -14.165173 -0.758606 26.575009 0.024213 0.712194 -0.699797 0.049777
1666059873.950096 -14.318442 -0.766135 26.547045 0.025254 0.713095 -0.699050 0.046759
1666059874.050094 -14.471494 -0.773705 26.549859 0.027360 0.712301 -0.699936 0.044356
1666059874.150094 -14.613345 -0.774927 26.517352 0.027059 0.712807 -0.699423 0.044506
1666059874.250092 -14.764800 -0.782578 26.507934 0.026029 0.713398 -0.698819 0.045133
1666059874.350090 -14.905872 -0.784492 26.501226 0.026684 0.712794 -0.699477 0.044090
1666059874.450088 -15.050954 -0.799459 26.474189 0.024790 0.712286 -0.699981 0.045389
1666059874.550086 -15.199345 -0.781668 26.458883 0.023299 0.712445 -0.699799 0.046480
1666059874.650084 -15.348253 -0.797390 26.435073 0.024291 0.713376 -0.698854 0.045917
1666059874.750082 -15.496210 -0.798167 26.428630 0.023460 0.712007 -0.700210 0.046914
1666059874.850081 -15.640195 -0.807223 26.410736 0.022133 0.711111 -0.701106 0.047761
1666059874.950081 -15.787273 -0.806781 26.396140 0.021306 0.711757 -0.700384 0.049103
1666059875.050081 -15.928183 -0.811128 26.381591 0.020889 0.712205 -0.699895 0.049738
1666059875.150081 -16.073964 -0.813683 26.358206 0.021208 0.711672 -0.700463 0.049237
1666059875.250081 -16.225851 -0.818580 26.355911 0.021553 0.711575 -0.700611 0.048373
1666059875.350080 -16.375933 -0.822335 26.331197 0.022503 0.711997 -0.700169 0.048146
1666059875.450081 -16.528472 -0.830819 26.325370 0.022340 0.712081 -0.700085 0.048192
1666059875.550081 -16.673483 -0.837042 26.298324 0.021816 0.712106 -0.699977 0.049619
1666059875.650081 -16.827142 -0.836277 26.289001 0.021745 0.711512 -0.700573 0.049746
1666059875.750081 -16.972757 -0.840525 26.274445 0.022041 0.711143 -0.700932 0.049840
1666059875.850080 -17.119082 -0.848910 26.249443 0.022235 0.711972 -0.700050 0.050311
1666059875.950081 -17.263944 -0.846703 26.236744 0.023547 0.712048 -0.699960 0.049898
1666059876.050081 -17.401546 -0.859788 26.217738 0.023347 0.711108 -0.700784 0.051792
1666059876.150081 -17.543585 -0.862162 26.200549 0.023231 0.710227 -0.701482 0.054411
1666059876.250081 -17.680421 -0.873520 26.184257 0.023587 0.710581 -0.700885 0.057258
1666059876.350080 -17.833666 -0.870161 26.159234 0.024710 0.711179 -0.700104 0.058888
1666059876.450081 -17.981513 -0.873705 26.150718 0.025943 0.710510 -0.700678 0.059605
1666059876.550081 -18.143954 -0.881896 26.112848 0.031375 0.710572 -0.700332 0.060323
1666059876.650081 -18.267170 -0.888494 26.095006 0.039205 0.712184 -0.697976 0.063925
1666059876.750081 -18.374191 -0.889761 26.074079 0.043221 0.711910 -0.697438 0.069963
1666059876.850080 -18.474065 -0.888652 26.060162 0.048679 0.710238 -0.698045 0.076981
1666059876.950081 -18.588293 -0.899207 26.039658 0.055814 0.709011 -0.697887 0.084501
1666059877.050081 -18.684748 -0.909763 26.018769 0.061003 0.708687 -0.696634 0.093499
1666059877.150081 -18.789603 -0.917921 25.988225 0.068538 0.709770 -0.693895 0.100192
1666059877.250081 -18.911815 -0.904275 25.947793 0.075490 0.708485 -0.693389 0.107525
1666059877.350080 -19.038477 -0.913016 25.921389 0.083532 0.707809 -0.692321 0.112780
1666059877.450081 -19.183159 -0.912089 25.892388 0.096031 0.706103 -0.690357 0.124910
1666059877.550081 -19.289316 -0.922610 25.861782 0.104353 0.703269 -0.691019 0.130445
1666059877.650081 -19.405508 -0.916793 25.818464 0.113646 0.702044 -0.688978 0.139743
1666059877.750081 -19.520225 -0.935741 25.776752 0.118919 0.702565 -0.686201 0.146249
1666059877.850080 -19.618765 -0.933996 25.731761 0.121879 0.701888 -0.684660 0.154073
1666059877.950081 -19.751807 -0.925344 25.666239 0.127439 0.700790 -0.684163 0.156759
1666059878.050081 -19.876741 -0.934060 25.632960 0.131009 0.698703 -0.685678 0.156512
1666059878.150081 -20.007781 -0.961184 25.552875 0.134369 0.699862 -0.683340 0.158694
1666059878.250081 -20.160556 -0.940758 25.484285 0.138890 0.703701 -0.679119 0.155922
1666059878.350080 -20.286601 -0.928520 25.435229 0.139825 0.699522 -0.683014 0.156873
1666059878.450081 -20.428885 -0.952808 25.380866 0.138370 0.695317 -0.687364 0.157857
1666059878.550081 -20.558909 -0.960020 25.312832 0.140935 0.699364 -0.682649 0.158172
1666059878.650081 -20.695610 -0.950313 25.254574 0.141054 0.700164 -0.681134 0.161030
1666059878.750081 -20.822877 -0.949885 25.203861 0.143275 0.697742 -0.683216 0.160762
1666059878.850080 -20.961925 -0.954106 25.134814 0.146590 0.695969 -0.684295 0.160870
1666059878.950081 -21.104108 -0.958146 25.067996 0.145128 0.695795 -0.684192 0.163365
1666059879.050081 -21.240439 -0.959209 25.006033 0.146910 0.695475 -0.684141 0.163347
1666059879.150081 -21.390590 -0.966731 24.947437 0.148207 0.694295 -0.684609 0.165224
1666059879.250081 -21.535519 -0.970671 24.878507 0.154632 0.694847 -0.681765 0.168739
1666059879.350080 -21.661192 -0.964287 24.818067 0.161263 0.694592 -0.679389 0.173108
1666059879.450081 -21.772858 -0.957419 24.760779 0.166674 0.691790 -0.679261 0.179584
1666059879.550081 -21.864834 -0.969755 24.702168 0.170433 0.689559 -0.678989 0.185565
1666059879.650081 -21.986905 -0.971582 24.641183 0.174498 0.689110 -0.677116 0.190238
1666059879.750081 -22.076159 -0.976485 24.594823 0.179293 0.687950 -0.675489 0.195685
1666059879.850080 -22.187235 -0.975267 24.529539 0.187270 0.686247 -0.673634 0.200531
1666059879.950081 -22.279737 -0.969850 24.456749 0.192358 0.683674 -0.672834 0.207080
1666059880.050081 -22.369117 -0.973988 24.407926 0.193797 0.682733 -0.672198 0.210874
1666059880.150081 -22.460613 -0.978566 24.345853 0.195842 0.681655 -0.670818 0.216782
1666059880.250081 -22.564062 -0.975621 24.275199 0.202602 0.680186 -0.668382 0.222630
1666059880.350080 -22.652416 -0.981336 24.206161 0.206042 0.679103 -0.666625 0.227983
1666059880.450081 -22.774112 -0.982514 24.127673 0.212441 0.677256 -0.664649 0.233312
1666059880.550081 -22.874516 -0.983554 24.045828 0.217326 0.674314 -0.664403 0.237988
1666059880.650081 -22.988051 -0.981898 23.962609 0.221906 0.673179 -0.662468 0.242329
1666059880.750081 -23.080346 -0.993805 23.870074 0.223633 0.673095 -0.660144 0.247267
1666059880.850080 -23.203523 -0.997790 23.772459 0.228805 0.672800 -0.657812 0.249545
1666059880.950081 -23.318459 -0.993545 23.680143 0.233783 0.669918 -0.658063 0.252009
1666059881.050081 -23.436743 -0.992590 23.584290 0.237454 0.668588 -0.656803 0.255374
1666059881.150081 -23.538223 -1.001932 23.466968 0.239528 0.669309 -0.654589 0.257224
1666059881.250081 -23.650715 -0.996969 23.379913 0.241786 0.668709 -0.653822 0.258620
1666059881.350080 -23.759416 -0.989384 23.283411 0.241802 0.666091 -0.655580 0.260900
1666059881.450081 -23.854361 -0.996716 23.190827 0.241807 0.665207 -0.654928 0.264761
1666059881.550081 -23.970293 -1.010903 23.101977 0.245129 0.665031 -0.652407 0.268347
1666059881.650081 -24.087451 -1.008947 23.007376 0.251944 0.662485 -0.650719 0.272401
1666059881.750081 -24.190459 -1.007497 22.934733 0.263945 0.658527 -0.645196 0.283545
1666059881.850084 -24.281418 -1.013310 22.834657 0.274260 0.653587 -0.641048 0.294387
1666059881.950089 -24.340434 -1.008857 22.723638 0.277833 0.652643 -0.638484 0.298668
1666059882.050094 -24.412240 -1.017050 22.623395 0.280361 0.653749 -0.634175 0.303038
1666059882.150098 -24.491299 -1.005596 22.539839 0.280524 0.650293 -0.635394 0.307733
1666059882.250101 -24.572472 -1.019603 22.440394 0.282636 0.650229 -0.633414 0.310010
1666059882.350103 -24.662293 -1.031074 22.322761 0.286464 0.650496 -0.631530 0.309778
1666059882.450105 -24.756618 -1.018206 22.185714 0.288290 0.650566 -0.631655 0.307676
1666059882.550107 -24.845813 -1.016793 22.087480 0.288663 0.652962 -0.629221 0.307238
1666059882.650109 -24.932123 -1.022480 21.962367 0.289636 0.653116 -0.628726 0.307009
1666059882.750110 -25.028489 -1.026604 21.876257 0.289814 0.650862 -0.630987 0.306986
1666059882.850111 -25.116675 -1.016019 21.765240 0.290235 0.649544 -0.632647 0.305965
1666059882.950113 -25.198150 -1.013168 21.670427 0.288634 0.650242 -0.632045 0.307236
1666059883.050113 -25.279904 -1.017455 21.560534 0.286236 0.650998 -0.631602 0.308788
1666059883.150115 -25.368960 -1.032186 21.457882 0.285433 0.650083 -0.632963 0.308671
1666059883.250116 -25.468262 -1.027213 21.346724 0.284360 0.647593 -0.635806 0.309051
1666059883.350116 -25.558516 -1.023473 21.240954 0.285264 0.648781 -0.635028 0.307321
1666059883.450118 -25.653790 -1.026286 21.122975 0.286110 0.650893 -0.632495 0.307295
1666059883.550118 -25.749570 -1.033165 21.007449 0.287048 0.650727 -0.632344 0.307082
1666059883.650119 -25.840804 -1.033407 20.901962 0.287013 0.649487 -0.633463 0.307432
1666059883.750119 -25.934995 -1.031055 20.788606 0.287191 0.649551 -0.633577 0.306895
1666059883.850120 -26.027792 -1.032033 20.681535 0.286751 0.650002 -0.633299 0.306927
1666059883.950120 -26.122904 -1.034142 20.567197 0.287098 0.650468 -0.632812 0.306618
1666059884.050120 -26.219645 -1.040816 20.452831 0.288203 0.650398 -0.632894 0.305560
1666059884.150120 -26.219645 -1.040816 20.452831 0.288203 0.650398 -0.632894 0.305560
1666059884.250120 -26.315288 -1.037950 20.339836 0.287953 0.649271 -0.634052 0.305791
1666059884.350120 -26.410838 -1.035329 20.221795 0.287883 0.649560 -0.633656 0.306065
1666059884.450120 -26.507259 -1.040038 20.106151 0.287674 0.649600 -0.633158 0.307205
1666059884.550120 -26.600945 -1.044210 19.993872 0.287413 0.648635 -0.633853 0.308052
1666059884.650120 -26.699248 -1.046411 19.881635 0.287478 0.647555 -0.634770 0.308376
1666059884.750120 -26.792755 -1.034895 19.763773 0.286851 0.648408 -0.634184 0.308373
1666059884.850120 -26.885753 -1.042877 19.654858 0.286990 0.650058 -0.632384 0.308466
1666059884.950120 -26.984593 -1.049033 19.540454 0.287673 0.649036 -0.633278 0.308147
1666059885.050120 -27.086325 -1.050448 19.416338 0.289022 0.648065 -0.634322 0.306778
1666059885.150120 -27.182715 -1.041855 19.297401 0.288816 0.649058 -0.633153 0.307288
1666059885.250120 -27.270987 -1.048519 19.180775 0.288213 0.650057 -0.631550 0.309035
1666059885.350120 -27.368195 -1.057708 19.067147 0.288273 0.649123 -0.632336 0.309335
1666059885.450120 -27.464247 -1.052789 18.955967 0.289227 0.647929 -0.633371 0.308831
1666059885.550120 -27.552377 -1.060479 18.845739 0.287873 0.647389 -0.633847 0.310249
1666059885.650120 -27.646258 -1.051833 18.733394 0.287167 0.647820 -0.632745 0.312245
1666059885.750120 -27.735723 -1.063600 18.621906 0.287148 0.647509 -0.632814 0.312769
1666059885.850120 -27.834917 -1.059497 18.510835 0.289017 0.646381 -0.633376 0.312242
1666059885.950120 -27.918821 -1.060882 18.395966 0.290602 0.645806 -0.632993 0.312737
1666059886.050120 -28.012301 -1.070391 18.288269 0.291496 0.644794 -0.631917 0.316152
1666059886.150120 -28.086930 -1.053575 18.147854 0.293735 0.645330 -0.629225 0.318346
1666059886.250120 -28.153114 -1.066072 18.045448 0.304570 0.642289 -0.624594 0.323394
1666059886.350120 -28.265268 -1.070538 17.948147 0.311325 0.636730 -0.623524 0.329954
1666059886.450120 -28.318746 -1.069662 17.829987 0.315277 0.634921 -0.620695 0.334983
1666059886.550120 -28.418134 -1.081385 17.733584 0.319425 0.632753 -0.617016 0.341879
1666059886.650129 -28.483308 -1.087327 17.621482 0.322443 0.628953 -0.616224 0.347441
1666059886.750136 -28.562411 -1.081768 17.505115 0.322718 0.627196 -0.616231 0.350339
1666059886.850142 -28.649888 -1.068992 17.389169 0.323866 0.626547 -0.615165 0.352309
1666059886.950148 -28.736173 -1.072196 17.243888 0.328326 0.627219 -0.613171 0.350456
1666059887.050152 -28.825787 -1.080548 17.114288 0.330954 0.626809 -0.612629 0.349666
1666059887.150156 -28.915700 -1.088697 16.987203 0.331930 0.626353 -0.611626 0.351307
1666059887.250158 -28.983527 -1.092200 16.851763 0.332000 0.626467 -0.610099 0.353687
1666059887.350158 -29.063114 -1.085921 16.732400 0.332061 0.624813 -0.610836 0.355280
1666059887.450158 -29.141936 -1.091683 16.604900 0.332986 0.624068 -0.610746 0.355877
1666059887.550158 -29.215780 -1.090161 16.478598 0.333175 0.624350 -0.609674 0.357042
1666059887.650156 -29.288788 -1.087394 16.353008 0.335754 0.624390 -0.608311 0.356882
1666059887.750156 -29.366913 -1.095123 16.225238 0.337564 0.623494 -0.608309 0.356742
1666059887.850155 -29.454344 -1.099540 16.098626 0.337516 0.622691 -0.608494 0.357875
1666059887.950155 -29.525838 -1.102063 15.963341 0.337157 0.622729 -0.607604 0.359652
1666059888.050154 -29.602884 -1.096468 15.836769 0.337420 0.621926 -0.607448 0.361057
1666059888.150156 -29.677959 -1.100522 15.716530 0.337925 0.619953 -0.608643 0.361965
1666059888.250157 -29.759650 -1.100748 15.583161 0.339405 0.619180 -0.608116 0.362788
1666059888.350158 -29.839971 -1.102710 15.439230 0.341576 0.618892 -0.606385 0.364136
1666059888.450160 -29.910840 -1.102448 15.297570 0.348172 0.616243 -0.603018 0.367953
1666059888.550163 -29.975258 -1.116783 15.175346 0.352213 0.614482 -0.599392 0.372944
1666059888.650164 -30.036002 -1.110217 15.049956 0.357189 0.610973 -0.595685 0.379852
1666059888.750164 -30.102367 -1.111285 14.921571 0.360764 0.607707 -0.594162 0.384075
1666059888.850163 -30.167238 -1.110920 14.803164 0.366469 0.603134 -0.591616 0.389770
1666059888.950164 -30.227624 -1.119922 14.678425 0.368624 0.601186 -0.589846 0.393414
1666059889.050166 -30.286538 -1.115132 14.541615 0.372335 0.600309 -0.586520 0.396219
1666059889.150177 -30.345091 -1.115682 14.418468 0.375996 0.597458 -0.585281 0.398895
1666059889.250189 -30.400240 -1.126137 14.279550 0.377722 0.596616 -0.583668 0.400882
1666059889.350199 -30.458994 -1.119796 14.142190 0.379469 0.596268 -0.581767 0.402510
1666059889.450207 -30.519060 -1.117694 14.015753 0.380838 0.594375 -0.582238 0.403335
1666059889.550215 -30.577517 -1.127640 13.886399 0.382264 0.593068 -0.581882 0.404422
1666059889.650222 -30.628420 -1.131501 13.756601 0.380741 0.592579 -0.581712 0.406813
1666059889.750227 -30.676795 -1.121469 13.619853 0.382241 0.591732 -0.581017 0.407631
1666059889.850232 -30.733165 -1.124268 13.481413 0.384273 0.589160 -0.582022 0.408013
1666059889.950236 -30.786674 -1.137681 13.344306 0.385298 0.589153 -0.581080 0.408399
1666059890.050238 -30.848399 -1.135764 13.206720 0.385654 0.589026 -0.579268 0.410813
1666059890.150241 -30.902263 -1.136189 13.070703 0.388339 0.586546 -0.578894 0.412357
1666059890.250242 -30.965851 -1.133791 12.921649 0.393717 0.583621 -0.577558 0.413279
1666059890.350245 -30.987178 -1.152160 12.813365 0.394592 0.582373 -0.576121 0.416200
1666059890.450248 -31.047800 -1.146462 12.652906 0.395358 0.584984 -0.571661 0.417959
1666059890.550249 -31.094772 -1.133000 12.534182 0.397488 0.583920 -0.572123 0.416792
1666059890.650250 -31.149527 -1.144338 12.390378 0.401553 0.582284 -0.571906 0.415480
1666059890.750249 -31.193505 -1.141441 12.262028 0.401633 0.581996 -0.570555 0.417658
1666059890.850248 -31.230998 -1.141242 12.136134 0.401900 0.581491 -0.569909 0.418985
1666059890.950246 -31.274086 -1.139438 12.004895 0.403577 0.581249 -0.569150 0.418739
1666059891.050242 -31.319109 -1.146612 11.871361 0.404529 0.581148 -0.567911 0.419641
1666059891.150242 -31.371614 -1.151194 11.740165 0.404538 0.581765 -0.566581 0.420576
1666059891.250242 -31.405487 -1.136863 11.619089 0.405745 0.580469 -0.565970 0.422025
1666059891.350242 -31.454557 -1.140791 11.479381 0.407455 0.578796 -0.567448 0.420687
1666059891.450242 -31.501417 -1.151029 11.333586 0.409508 0.579573 -0.565735 0.419932
1666059891.550242 -31.545116 -1.140216 11.184474 0.409141 0.580859 -0.563621 0.421351
1666059891.650242 -31.588793 -1.140841 11.035970 0.409242 0.581468 -0.561981 0.422602
1666059891.750242 -31.637188 -1.138163 10.894885 0.409680 0.581507 -0.561310 0.423015
1666059891.850242 -31.676536 -1.133430 10.763236 0.409672 0.579945 -0.562334 0.423807
1666059891.950242 -31.717507 -1.143510 10.630369 0.410884 0.579349 -0.561748 0.424226
1666059892.050242 -31.761657 -1.135843 10.486081 0.411558 0.579730 -0.560463 0.424752
1666059892.150242 -31.796149 -1.135090 10.343505 0.411399 0.579777 -0.559103 0.426630
1666059892.250242 -31.845048 -1.136256 10.194630 0.412445 0.579603 -0.558383 0.426798
1666059892.350242 -31.891280 -1.135163 10.056256 0.413835 0.579394 -0.557815 0.426480
1666059892.450242 -31.929463 -1.136166 9.911236 0.414136 0.580070 -0.557111 0.426189
1666059892.550242 -31.973832 -1.133444 9.765376 0.415028 0.580232 -0.556134 0.426377
1666059892.650242 -32.014339 -1.130381 9.629173 0.417309 0.579190 -0.555841 0.425949
1666059892.750242 -32.060105 -1.125069 9.487095 0.418231 0.578670 -0.555765 0.425850
1666059892.850242 -32.096519 -1.125239 9.339172 0.418439 0.578335 -0.554889 0.427242
1666059892.950242 -32.137196 -1.125098 9.198547 0.418559 0.578631 -0.553843 0.428078
1666059893.050242 -32.178615 -1.118560 9.048060 0.419519 0.578242 -0.553217 0.428475
1666059893.150242 -32.218104 -1.120053 8.911700 0.419841 0.577723 -0.553253 0.428813
1666059893.250242 -32.259908 -1.115725 8.761924 0.420483 0.577064 -0.552942 0.429471
1666059893.350245 -32.303751 -1.118142 8.617830 0.421631 0.576452 -0.552632 0.429568
1666059893.450264 -32.346861 -1.109892 8.470763 0.422542 0.576670 -0.551722 0.429549
1666059893.550281 -32.388690 -1.106744 8.321855 0.422893 0.576259 -0.550983 0.430702
1666059893.650297 -32.425255 -1.098711 8.179285 0.421993 0.575233 -0.551329 0.432510
1666059893.750311 -32.456156 -1.104627 8.040364 0.422356 0.574496 -0.551085 0.433445
1666059893.850323 -32.495014 -1.108711 7.909217 0.423360 0.573059 -0.551921 0.433305
1666059893.950335 -32.553549 -1.098219 7.787579 0.426722 0.571514 -0.549922 0.434588
1666059894.050343 -32.580073 -1.108103 7.658522 0.430329 0.569107 -0.546966 0.437907
1666059894.150350 -32.611494 -1.094849 7.514932 0.435123 0.565250 -0.543845 0.442033
1666059894.250355 -32.626082 -1.095503 7.388423 0.438673 0.560234 -0.542451 0.446600
1666059894.350360 -32.677359 -1.106008 7.246914 0.444366 0.556145 -0.538698 0.450606
1666059894.450364 -32.703956 -1.081851 7.103905 0.447671 0.555890 -0.532998 0.454411
1666059894.550367 -32.709952 -1.088265 6.935231 0.449449 0.553820 -0.531246 0.457227
1666059894.650370 -32.743891 -1.078913 6.788243 0.451433 0.551093 -0.532054 0.457627
1666059894.750371 -32.768179 -1.079061 6.658121 0.454301 0.549724 -0.530669 0.458045
1666059894.850372 -32.788446 -1.065660 6.504184 0.452679 0.549447 -0.529984 0.460768
1666059894.950372 -32.815510 -1.079508 6.357889 0.454634 0.549600 -0.527244 0.461802
1666059895.050370 -32.828396 -1.082820 6.231130 0.457556 0.546709 -0.527112 0.462498
1666059895.150369 -32.852576 -1.068092 6.075885 0.460691 0.544190 -0.524734 0.465053
1666059895.250366 -32.872413 -1.066295 5.927768 0.461522 0.543175 -0.521909 0.468582
1666059895.350362 -32.889086 -1.070754 5.791265 0.463793 0.540489 -0.521262 0.470163
1666059895.450362 -32.911146 -1.069969 5.652515 0.467842 0.536946 -0.519674 0.471964
1666059895.550362 -32.920122 -1.051468 5.512017 0.469858 0.533604 -0.517511 0.476112
1666059895.650362 -32.930071 -1.057612 5.374066 0.472430 0.531177 -0.513718 0.480370
1666059895.750362 -32.945362 -1.060033 5.224710 0.476586 0.527502 -0.511031 0.483171
1666059895.850362 -32.945362 -1.060033 5.224710 0.476586 0.527502 -0.511031 0.483171
1666059895.950362 -32.959077 -1.044025 5.080671 0.481069 0.525403 -0.507085 0.485168
1666059896.050362 -32.959709 -1.043984 4.930803 0.483469 0.523459 -0.502476 0.489659
1666059896.150362 -32.959734 -1.046884 4.793463 0.484682 0.522179 -0.500156 0.492195
1666059896.250362 -32.972682 -1.050135 4.654648 0.486618 0.519696 -0.499136 0.493946
1666059896.350362 -32.977132 -1.038603 4.517469 0.487077 0.517413 -0.499110 0.495912
1666059896.450362 -32.971382 -1.032523 4.396303 0.486644 0.517978 -0.496745 0.498117
1666059896.550362 -32.973695 -1.036733 4.265110 0.487305 0.517816 -0.494890 0.499483
1666059896.650362 -32.976641 -1.034637 4.133570 0.488972 0.518247 -0.493349 0.498932
1666059896.750362 -32.981263 -1.027071 3.995204 0.490790 0.518275 -0.490713 0.499717
1666059896.850362 -32.977463 -1.024915 3.856337 0.492108 0.518665 -0.488620 0.500066
1666059896.950362 -32.979293 -1.020192 3.718027 0.493421 0.518812 -0.486929 0.500267
1666059897.050344 -32.981379 -1.024731 3.572645 0.495403 0.517335 -0.485897 0.500841
1666059897.150326 -32.974178 -1.013779 3.446825 0.496185 0.516370 -0.485581 0.501370
1666059897.250309 -32.977100 -1.013956 3.305447 0.496443 0.516058 -0.483962 0.502999
1666059897.350293 -32.968590 -1.010120 3.188869 0.497451 0.513101 -0.483679 0.505295
1666059897.450278 -32.955380 -1.006937 3.071570 0.501466 0.508859 -0.480663 0.508484
1666059897.550263 -32.935222 -0.993333 2.936431 0.506239 0.505282 -0.473542 0.513972
1666059897.650249 -32.931639 -0.994040 2.795413 0.513350 0.498464 -0.466672 0.519828
1666059897.750237 -32.920367 -0.982446 2.659877 0.520222 0.493662 -0.459215 0.524201
1666059897.850227 -32.908565 -0.983249 2.511109 0.527197 0.487682 -0.449902 0.530864
1666059897.950220 -32.887935 -0.982735 2.386265 0.533801 0.480178 -0.441096 0.538441
1666059898.050213 -32.864088 -0.950567 2.247524 0.542903 0.471805 -0.432560 0.543642
1666059898.150206 -32.870448 -0.914022 2.073474 0.555598 0.473310 -0.422452 0.537421
1666059898.250200 -32.814421 -0.966467 1.928189 0.559476 0.476832 -0.404533 0.544030
1666059898.350196 -32.762508 -0.956113 1.831212 0.561001 0.460681 -0.399843 0.559620
1666059898.450194 -32.772633 -0.963014 1.698585 0.564590 0.452435 -0.401763 0.561361
1666059898.550195 -32.746701 -0.971702 1.592092 0.564757 0.438659 -0.405996 0.569029
1666059898.650197 -32.716763 -0.971767 1.507682 0.563437 0.420926 -0.409236 0.581278
1666059898.750200 -32.674143 -0.910616 1.395581 0.557375 0.413896 -0.410500 0.591196
1666059898.850202 -32.606687 -0.908900 1.273146 0.563339 0.412922 -0.396942 0.595466
1666059898.950203 -32.579315 -0.924379 1.156815 0.570536 0.406162 -0.390483 0.597531
1666059899.050204 -32.525264 -0.920356 1.025082 0.574669 0.400831 -0.384820 0.600835
1666059899.150204 -32.456392 -0.914807 0.916845 0.579655 0.395353 -0.376641 0.604844
1666059899.250204 -32.423370 -0.917651 0.799724 0.584429 0.388943 -0.370624 0.608114
1666059899.350204 -32.335817 -0.918854 0.701497 0.590222 0.381316 -0.357892 0.614937
1666059899.450204 -32.308302 -0.921534 0.610585 0.600046 0.365214 -0.345570 0.622209
1666059899.550204 -32.253835 -0.917829 0.509030 0.606459 0.353839 -0.335326 0.628141
1666059899.650204 -32.193942 -0.925443 0.364154 0.618234 0.333049 -0.317878 0.637039
1666059899.750204 -32.193942 -0.925443 0.364154 0.618234 0.333049 -0.317878 0.637039
1666059899.850204 -32.118576 -0.927391 0.308825 0.620076 0.325410 -0.307098 0.644441
1666059899.950204 -32.061480 -0.912288 0.249636 0.624569 0.316532 -0.297970 0.648794
1666059900.050204 -31.987870 -0.910376 0.191109 0.631153 0.304084 -0.285560 0.653937
1666059900.150204 -31.933926 -0.908301 0.116794 0.638462 0.291122 -0.268080 0.660111
1666059900.250204 -31.890787 -0.906294 0.071413 0.646218 0.276087 -0.251416 0.665558
1666059900.350204 -31.874742 -0.912595 -0.008271 0.651376 0.261310 -0.239582 0.670839
1666059900.450204 -31.808835 -0.917207 -0.038159 0.653767 0.251488 -0.232788 0.674649
1666059900.550204 -31.758306 -0.899054 -0.075771 0.657825 0.238475 -0.221757 0.679131
1666059900.650204 -31.669612 -0.910731 -0.126199 0.663828 0.224066 -0.209021 0.682229
1666059900.750204 -31.585750 -0.902016 -0.172735 0.668766 0.211812 -0.190873 0.686626
1666059900.850204 -31.514099 -0.892392 -0.217093 0.675321 0.191968 -0.170348 0.691426
1666059900.950204 -31.479595 -0.901430 -0.277731 0.682418 0.170245 -0.148034 0.695275
1666059901.050204 -31.420578 -0.897800 -0.315706 0.687058 0.151222 -0.128609 0.698958
1666059901.150204 -31.386384 -0.896056 -0.348564 0.690648 0.132695 -0.111555 0.702106
1666059901.250204 -31.357043 -0.889137 -0.369922 0.694061 0.115293 -0.097101 0.703959
1666059901.350204 -31.316244 -0.906778 -0.393780 0.695230 0.104355 -0.086109 0.705939
1666059901.450204 -31.231734 -0.885655 -0.378257 0.695084 0.090281 -0.072370 0.709556
1666059901.550204 -31.082084 -0.896504 -0.412689 0.696846 0.065904 -0.052611 0.712245
1666059901.650204 -31.082084 -0.896504 -0.412689 0.696846 0.065904 -0.052611 0.712245
1666059901.750204 -30.976234 -0.879620 -0.452697 0.699522 0.055049 -0.039523 0.711390
1666059901.850204 -30.874779 -0.890479 -0.480125 0.701003 0.048259 -0.030939 0.710850
1666059901.950204 -30.744160 -0.880670 -0.485634 0.700686 0.041137 -0.021117 0.711969
1666059902.050204 -30.650947 -0.855753 -0.511325 0.703047 0.025576 -0.009643 0.710617
1666059902.150204 -30.552411 -0.888279 -0.530140 0.702913 0.020826 -0.006268 0.710943
1666059902.250204 -30.440667 -0.879154 -0.510867 0.701228 0.016855 0.001263 0.712736
1666059902.350204 -30.306544 -0.865335 -0.509520 0.700942 0.014053 0.004848 0.713063
1666059902.450204 -30.201847 -0.854732 -0.515724 0.702342 0.011447 0.006142 0.711721
1666059902.550204 -30.092577 -0.860347 -0.506972 0.702725 0.008695 0.006152 0.711382
1666059902.650204 -29.983034 -0.858495 -0.509136 0.702138 0.006944 0.007239 0.711970
1666059902.750204 -29.872516 -0.855862 -0.508396 0.701693 0.005627 0.007984 0.712412
1666059902.850204 -29.740283 -0.868050 -0.522394 0.701657 0.004743 0.011069 0.712413
1666059902.950204 -29.623864 -0.843220 -0.517166 0.702759 0.001400 0.019107 0.711169
1666059903.050204 -29.554025 -0.829692 -0.514640 0.704714 -0.007683 0.023657 0.709055
1666059903.150204 -29.444761 -0.842361 -0.517666 0.703541 -0.012549 0.024295 0.710129
1666059903.250204 -29.335119 -0.844293 -0.492662 0.701600 -0.016176 0.025667 0.711924
1666059903.350204 -29.209787 -0.840905 -0.490219 0.701900 -0.017630 0.028458 0.711489
1666059903.450204 -29.090863 -0.848917 -0.490074 0.702882 -0.017557 0.031813 0.710378
1666059903.550204 -28.965769 -0.825122 -0.476913 0.703211 -0.018480 0.034439 0.709906
1666059903.650204 -28.865905 -0.825210 -0.455467 0.702748 -0.020627 0.034537 0.710300
1666059903.750204 -28.754687 -0.819011 -0.445435 0.702785 -0.022101 0.035381 0.710177
1666059903.850204 -28.633204 -0.822363 -0.446525 0.703063 -0.023283 0.035943 0.709836
1666059903.950204 -28.507422 -0.824074 -0.423456 0.703230 -0.023710 0.037881 0.709556
1666059904.050204 -28.374458 -0.818168 -0.418076 0.702940 -0.023188 0.038556 0.709825
1666059904.150204 -28.241786 -0.814335 -0.402241 0.702817 -0.023490 0.041170 0.709789
1666059904.250204 -28.093240 -0.807229 -0.394877 0.702961 -0.024799 0.040929 0.709617
1666059904.350204 -27.991829 -0.799052 -0.377934 0.703133 -0.026036 0.041127 0.709390
1666059904.450204 -27.872914 -0.793713 -0.367923 0.702392 -0.028508 0.041422 0.710011
1666059904.550204 -27.731543 -0.803337 -0.355926 0.702338 -0.030607 0.042561 0.709910
1666059904.650204 -27.597812 -0.798599 -0.336075 0.703113 -0.029712 0.044626 0.709054
1666059904.750204 -27.449667 -0.788271 -0.321985 0.703699 -0.028556 0.045919 0.708437
1666059904.850204 -27.317327 -0.783672 -0.313408 0.703473 -0.029396 0.045356 0.708663
1666059904.950204 -27.172435 -0.778424 -0.296242 0.702984 -0.030241 0.046264 0.709055
1666059905.050204 -27.022275 -0.777153 -0.278700 0.703288 -0.030914 0.047175 0.708664
1666059905.150204 -26.881164 -0.767869 -0.264584 0.703334 -0.031662 0.047104 0.708590
1666059905.250204 -26.740067 -0.767432 -0.244788 0.703382 -0.032861 0.047900 0.708434
1666059905.350204 -26.605920 -0.766534 -0.227622 0.703644 -0.032982 0.048382 0.708135
1666059905.450204 -26.464914 -0.757264 -0.204993 0.703851 -0.032834 0.048902 0.707901
1666059905.550204 -26.327038 -0.750252 -0.189184 0.703832 -0.033353 0.048364 0.707933
1666059905.650204 -26.183339 -0.751777 -0.168112 0.703700 -0.033556 0.046566 0.708175
1666059905.750204 -26.027364 -0.746170 -0.156948 0.703789 -0.033452 0.045542 0.708158
1666059905.850204 -25.885536 -0.738401 -0.131974 0.703239 -0.033471 0.044273 0.708784
1666059905.950204 -25.713629 -0.742336 -0.103934 0.703070 -0.032778 0.042727 0.709078
1666059906.050204 -25.541617 -0.737786 -0.090249 0.703684 -0.028742 0.041977 0.708689
1666059906.150204 -25.391477 -0.734655 -0.068731 0.703659 -0.025908 0.041627 0.708844
1666059906.250204 -25.240602 -0.719837 -0.062880 0.703308 -0.025025 0.040756 0.709274
1666059906.350204 -25.095248 -0.718901 -0.053994 0.703303 -0.025135 0.039088 0.709369
1666059906.450204 -24.962476 -0.721627 -0.032923 0.702992 -0.025057 0.036932 0.709796
1666059906.550204 -24.811106 -0.712556 -0.022547 0.702077 -0.025372 0.036044 0.710735
1666059906.650204 -24.647722 -0.715258 -0.009433 0.702284 -0.023141 0.035476 0.710636
1666059906.750204 -24.479761 -0.717141 0.012170 0.702592 -0.015492 0.033171 0.710651
1666059906.850204 -24.343433 -0.702100 0.027494 0.702249 -0.011398 0.027930 0.711292
1666059906.950204 -24.208332 -0.703991 0.025679 0.702493 -0.010138 0.025152 0.711173
1666059907.050204 -24.067606 -0.695325 0.035720 0.702994 -0.009725 0.023251 0.710749
1666059907.150204 -23.909598 -0.693231 0.036652 0.701667 -0.008741 0.021127 0.712138
1666059907.250204 -23.763781 -0.692927 0.050365 0.701209 -0.007456 0.020559 0.712620
1666059907.350204 -23.606273 -0.691117 0.057366 0.702196 -0.006154 0.020344 0.711666
1666059907.450204 -23.460119 -0.685367 0.067238 0.702625 -0.005333 0.019799 0.711264
1666059907.550204 -23.460119 -0.685367 0.067238 0.702625 -0.005333 0.019799 0.711264
1666059907.650204 -23.307248 -0.679104 0.071947 0.702491 -0.004766 0.019006 0.711423
1666059907.750204 -23.160432 -0.679653 0.078704 0.702091 -0.004568 0.018801 0.711824
1666059907.850204 -23.016676 -0.671765 0.072896 0.702038 -0.005080 0.017517 0.711906
1666059907.950204 -22.861117 -0.667911 0.080611 0.701857 -0.005489 0.017049 0.712092
1666059908.050204 -22.723069 -0.668486 0.098743 0.701124 -0.004638 0.016776 0.712827
1666059908.150204 -22.572197 -0.660877 0.096585 0.701641 -0.004052 0.017002 0.712316
1666059908.250204 -22.424890 -0.663381 0.104102 0.702003 -0.004771 0.016400 0.711969
1666059908.350204 -22.271992 -0.653929 0.109456 0.702138 -0.004468 0.016483 0.711836
1666059908.450204 -22.124116 -0.651349 0.116311 0.701535 -0.004963 0.016420 0.712429
1666059908.550204 -21.966909 -0.650362 0.118123 0.701408 -0.005106 0.015787 0.712566
1666059908.650204 -21.822410 -0.640171 0.124122 0.701541 -0.004556 0.015763 0.712440
1666059908.750204 -21.676086 -0.643765 0.127823 0.701361 -0.004109 0.015621 0.712623
1666059908.850204 -21.515296 -0.634568 0.128567 0.701662 -0.003158 0.015652 0.712331
1666059908.950204 -21.367882 -0.631353 0.132006 0.701823 -0.002211 0.016530 0.712155
1666059909.050204 -21.214408 -0.624638 0.137243 0.701960 -0.001743 0.016937 0.712013
1666059909.150204 -21.066040 -0.625049 0.144349 0.702024 -0.001592 0.017467 0.711937
1666059909.250204 -20.911926 -0.628298 0.148474 0.701833 -0.002011 0.016784 0.712140
1666059909.350204 -20.778068 -0.617999 0.160564 0.701696 -0.002928 0.015905 0.712293
1666059909.450204 -20.637586 -0.621383 0.168537 0.701050 -0.003357 0.015449 0.712936
1666059909.550204 -20.485868 -0.603602 0.170041 0.701787 -0.003134 0.015637 0.712208
1666059909.650204 -20.336434 -0.613630 0.172172 0.702357 -0.002082 0.015185 0.711659
1666059909.750204 -20.189232 -0.597326 0.176591 0.702204 -0.001909 0.015255 0.711810
1666059909.850204 -20.035763 -0.607215 0.186486 0.701629 -0.002208 0.015345 0.712374
1666059909.950204 -19.881127 -0.602233 0.178874 0.702132 -0.002018 0.013573 0.711914
1666059910.050204 -19.739357 -0.587849 0.199609 0.701963 -0.001921 0.013285 0.712086
1666059910.150204 -19.587015 -0.589557 0.199826 0.701420 -0.001610 0.013757 0.712613
1666059910.250204 -19.437653 -0.584869 0.198779 0.702239 -0.001263 0.014101 0.711800
1666059910.350204 -19.287113 -0.579996 0.206378 0.702772 -0.001151 0.015168 0.711253
1666059910.450204 -19.134603 -0.583832 0.208345 0.702264 -0.002093 0.014808 0.711759
1666059910.550204 -18.999919 -0.579157 0.211334 0.701462 -0.002505 0.014975 0.712545
1666059910.650204 -18.851154 -0.581326 0.213382 0.701391 -0.003191 0.013475 0.712641
1666059910.750204 -18.710238 -0.567120 0.220898 0.701847 -0.003784 0.012982 0.712199
1666059910.850204 -18.560373 -0.566871 0.225745 0.701505 -0.003278 0.013490 0.712529
1666059910.950204 -18.412760 -0.559710 0.227988 0.701981 -0.002770 0.013640 0.712060
1666059911.050204 -18.267743 -0.559407 0.229973 0.702183 -0.002858 0.014198 0.711848
1666059911.150204 -18.115337 -0.554300 0.234610 0.701966 -0.002593 0.014957 0.712048
1666059911.250204 -17.968951 -0.554662 0.237444 0.701877 -0.002827 0.015471 0.712125
1666059911.350204 -17.815415 -0.554735 0.242402 0.701909 -0.003152 0.015400 0.712093
1666059911.450204 -17.663944 -0.545816 0.248157 0.701881 -0.003624 0.015586 0.712115
1666059911.550204 -17.521266 -0.547050 0.254940 0.701595 -0.003945 0.015140 0.712404
1666059911.650217 -17.384683 -0.540934 0.260057 0.701955 -0.004379 0.015574 0.712037
1666059911.750226 -17.245688 -0.540494 0.261328 0.702382 -0.004999 0.014856 0.711628
1666059911.850235 -17.099674 -0.536553 0.269386 0.702187 -0.005215 0.014295 0.711830
1666059911.950243 -16.957295 -0.532363 0.277189 0.701584 -0.005896 0.014889 0.712407
1666059912.050249 -16.809139 -0.535184 0.282162 0.701658 -0.005719 0.014398 0.712346
1666059912.150254 -16.661077 -0.525876 0.289589 0.701668 -0.006383 0.013970 0.712339
1666059912.250257 -16.512737 -0.525028 0.294760 0.701065 -0.006055 0.014846 0.712917
1666059912.350257 -16.358217 -0.519853 0.295734 0.701457 -0.006351 0.015264 0.712520
1666059912.450256 -16.201804 -0.516907 0.309069 0.701866 -0.006808 0.015645 0.712105
1666059912.550257 -16.050688 -0.514076 0.311601 0.701986 -0.006839 0.016329 0.711970
1666059912.650258 -15.899728 -0.511844 0.319378 0.701930 -0.007862 0.016593 0.712009
1666059912.750259 -15.739607 -0.511068 0.320596 0.701861 -0.008031 0.016422 0.712079
1666059912.850261 -15.599094 -0.505341 0.327194 0.701672 -0.008452 0.016497 0.712258
1666059912.950263 -15.450229 -0.505220 0.332499 0.701518 -0.008331 0.016185 0.712419
1666059913.050264 -15.296021 -0.500494 0.335456 0.702013 -0.007754 0.016018 0.711942
1666059913.150264 -15.145660 -0.500692 0.336121 0.702253 -0.007048 0.014502 0.711745
1666059913.250263 -15.006220 -0.488949 0.341575 0.702051 -0.002518 0.014631 0.711972
1666059913.350261 -14.834487 -0.498112 0.342361 0.702173 0.002415 0.010078 0.711930
1666059913.450260 -14.696230 -0.489086 0.345417 0.701567 0.002608 0.007376 0.712561
1666059913.550258 -14.557501 -0.486489 0.353619 0.701163 0.005424 0.004299 0.712967
1666059913.650258 -14.399874 -0.481753 0.343969 0.702005 0.008299 0.002170 0.712120
1666059913.750258 -14.247629 -0.482439 0.351474 0.701618 0.009810 0.000922 0.712484
1666059913.850258 -14.101393 -0.476274 0.341692 0.701556 0.011889 -0.000115 0.712515
1666059913.950258 -13.947798 -0.469903 0.339224 0.702113 0.013558 -0.000052 0.711936
1666059914.050258 -13.788741 -0.472780 0.341974 0.702245 0.014042 -0.002345 0.711793
1666059914.150258 -13.629458 -0.465297 0.336807 0.701569 0.013616 -0.003499 0.712462
1666059914.250258 -13.496573 -0.462673 0.334025 0.701548 0.013473 -0.004287 0.712481
1666059914.350258 -13.350101 -0.456993 0.326677 0.701744 0.014268 -0.005415 0.712265
1666059914.450258 -13.199493 -0.458132 0.324353 0.702022 0.014575 -0.005989 0.711981
1666059914.550258 -13.040191 -0.455519 0.320075 0.702040 0.015072 -0.005891 0.711953
1666059914.650258 -12.880036 -0.448612 0.314952 0.702248 0.015793 -0.005433 0.711736
1666059914.750245 -12.717176 -0.449736 0.307636 0.702340 0.016009 -0.005397 0.711641
1666059914.850234 -12.572401 -0.441619 0.309706 0.702041 0.016206 -0.004901 0.711935
1666059914.950226 -12.429421 -0.443465 0.308049 0.702010 0.016457 -0.004523 0.711962
1666059915.050217 -12.270459 -0.437200 0.301514 0.701784 0.016921 -0.004705 0.712173
1666059915.150211 -12.127067 -0.432175 0.298645 0.701849 0.017123 -0.005153 0.712101
1666059915.250206 -11.972445 -0.432735 0.292568 0.701795 0.016925 -0.005835 0.712153
1666059915.350201 -11.828347 -0.425868 0.291848 0.701925 0.017456 -0.005823 0.712013
1666059915.450196 -11.677270 -0.426143 0.283461 0.701882 0.016810 -0.006701 0.712063
1666059915.550192 -11.545138 -0.419835 0.285053 0.701992 0.016929 -0.007150 0.711948
1666059915.650190 -11.389038 -0.422336 0.283072 0.701818 0.017957 -0.006626 0.712099
1666059915.750187 -11.234802 -0.413348 0.277359 0.701459 0.018383 -0.006380 0.712444
1666059915.850186 -11.076818 -0.412803 0.270063 0.701637 0.018775 -0.006406 0.712258
1666059915.950185 -10.933829 -0.412320 0.260701 0.702165 0.018751 -0.005540 0.711745
1666059916.050184 -10.796558 -0.401594 0.257638 0.702196 0.019571 -0.006564 0.711684
1666059916.150182 -10.637524 -0.402432 0.254775 0.701601 0.018417 -0.007042 0.712297
1666059916.250181 -10.489846 -0.398635 0.252188 0.701555 0.018609 -0.006991 0.712338
1666059916.350178 -10.346259 -0.398518 0.252944 0.701820 0.019113 -0.007276 0.712060
1666059916.450175 -10.192587 -0.390258 0.244430 0.701446 0.019053 -0.007103 0.712433
1666059916.550173 -10.047218 -0.387051 0.240025 0.701618 0.019498 -0.007547 0.712246
1666059916.650169 -9.894072 -0.387249 0.232684 0.702152 0.019230 -0.007791 0.711724
1666059916.750168 -9.743462 -0.378547 0.225377 0.702112 0.019880 -0.007839 0.711746
1666059916.850168 -9.584679 -0.379054 0.222649 0.701532 0.018795 -0.008418 0.712340
1666059916.950168 -9.432890 -0.380550 0.214189 0.701315 0.019003 -0.008086 0.712552
1666059917.050168 -9.272931 -0.374168 0.214693 0.701451 0.019088 -0.006755 0.712430
1666059917.150168 -9.130829 -0.370023 0.202592 0.701249 0.019159 -0.007406 0.712621
1666059917.250168 -8.987562 -0.366691 0.199631 0.701510 0.019884 -0.007818 0.712339
1666059917.350168 -8.837898 -0.366768 0.192162 0.701609 0.020077 -0.007613 0.712239
1666059917.450168 -8.691575 -0.358240 0.187393 0.701502 0.020271 -0.007710 0.712337
1666059917.550168 -8.533569 -0.358311 0.186747 0.701300 0.019194 -0.007797 0.712565
1666059917.650168 -8.395390 -0.352568 0.180056 0.701084 0.019187 -0.007841 0.712778
1666059917.750168 -8.245244 -0.352252 0.179895 0.701212 0.019676 -0.007843 0.712638
1666059917.850168 -8.088403 -0.347456 0.167026 0.701181 0.018835 -0.007951 0.712689
1666059917.950168 -7.941339 -0.342849 0.165101 0.701384 0.019141 -0.007658 0.712485
1666059918.050168 -7.781536 -0.340787 0.159980 0.701603 0.019481 -0.007157 0.712265
1666059918.150168 -7.632562 -0.331858 0.156628 0.701651 0.019567 -0.006885 0.712218
1666059918.250168 -7.486307 -0.335519 0.149683 0.701196 0.019217 -0.006814 0.712677
1666059918.350168 -7.334021 -0.329931 0.144802 0.701039 0.018274 -0.006866 0.712856
1666059918.450168 -7.186993 -0.328985 0.145772 0.701098 0.018821 -0.006396 0.712787
1666059918.550168 -7.029645 -0.322372 0.136077 0.701119 0.017989 -0.006506 0.712788
1666059918.650168 -6.882573 -0.320166 0.133991 0.701509 0.018059 -0.006624 0.712401
1666059918.750168 -6.731528 -0.317345 0.129093 0.701420 0.017631 -0.006527 0.712500
1666059918.850168 -6.587750 -0.310476 0.126977 0.701125 0.016961 -0.006649 0.712805
1666059918.950168 -6.434579 -0.312171 0.122379 0.700878 0.017146 -0.006216 0.713048
1666059919.050168 -6.292205 -0.302603 0.120245 0.700977 0.016157 -0.006287 0.712973
1666059919.150168 -6.134716 -0.306513 0.113279 0.700771 0.016792 -0.005636 0.713166
1666059919.250168 -6.134716 -0.306513 0.113279 0.700771 0.016792 -0.005636 0.713166
1666059919.350168 -5.985267 -0.302490 0.104621 0.700836 0.016397 -0.005347 0.713113
1666059919.450168 -5.843190 -0.297259 0.104719 0.701001 0.015788 -0.005732 0.712962
1666059919.550168 -5.683728 -0.293603 0.099376 0.701127 0.016132 -0.005256 0.712834
1666059919.650168 -5.537412 -0.289456 0.103109 0.701104 0.015507 -0.005066 0.712872
1666059919.750168 -5.385458 -0.289158 0.097520 0.700797 0.015198 -0.005000 0.713181
1666059919.850168 -5.243930 -0.282167 0.093969 0.700839 0.014758 -0.004629 0.713152
1666059919.950168 -5.090176 -0.282880 0.095296 0.700433 0.015158 -0.004086 0.713545
1666059920.050168 -4.941285 -0.280189 0.088722 0.700608 0.015086 -0.003801 0.713377
1666059920.150168 -4.790076 -0.276709 0.087580 0.700900 0.015076 -0.003298 0.713092
1666059920.250168 -4.643200 -0.269879 0.085909 0.700829 0.015186 -0.002490 0.713163
1666059920.350168 -4.503414 -0.270993 0.081957 0.700710 0.014614 -0.002358 0.713292
1666059920.450168 -4.348856 -0.269705 0.073031 0.700522 0.014312 -0.002281 0.713483
1666059920.550168 -4.209213 -0.260907 0.074348 0.700487 0.013924 -0.002022 0.713526
1666059920.650168 -4.066105 -0.257938 0.070256 0.699980 0.014402 -0.001361 0.714015
1666059920.750168 -3.923727 -0.258754 0.069587 0.699848 0.014065 -0.001018 0.714152
1666059920.850168 -3.782535 -0.254719 0.067067 0.700525 0.013366 -0.001221 0.713502
1666059920.950159 -3.642898 -0.248733 0.066111 0.700813 0.013082 -0.000297 0.713225
1666059921.050150 -3.506651 -0.252864 0.067579 0.700386 0.012359 -0.000725 0.713657
1666059921.150143 -3.373050 -0.249064 0.065832 0.700072 0.009722 -0.000852 0.714006
1666059921.250135 -3.240244 -0.242417 0.071007 0.700239 0.007469 -0.000753 0.713869
1666059921.350128 -3.071487 -0.238819 0.069548 0.700564 0.006785 0.002057 0.713554
1666059921.450121 -2.913861 -0.231389 0.080551 0.700476 0.004507 0.003110 0.713654
1666059921.550115 -2.751628 -0.223700 0.108268 0.699519 -0.001453 0.016558 0.714420
1666059921.650111 -2.620454 -0.229964 0.121328 0.699978 -0.013701 0.029581 0.713420
1666059921.750108 -2.489152 -0.236202 0.123524 0.700894 -0.029203 0.041401 0.711464
1666059921.850104 -2.380768 -0.233900 0.144933 0.700107 -0.043303 0.054132 0.710665
1666059921.950103 -2.268720 -0.220619 0.132747 0.700367 -0.055061 0.063549 0.708813
1666059922.050101 -2.162416 -0.223044 0.163665 0.697995 -0.067076 0.076918 0.708793
1666059922.150100 -2.064192 -0.226964 0.160772 0.697246 -0.080720 0.087704 0.706853
1666059922.250100 -1.935547 -0.208808 0.205807 0.695518 -0.088192 0.095661 0.706630
1666059922.350101 -1.839168 -0.211809 0.257052 0.693711 -0.102663 0.111600 0.704110
1666059922.450103 -1.734493 -0.221146 0.204300 0.695813 -0.117550 0.124476 0.697519
1666059922.550104 -1.609657 -0.209981 0.280141 0.693175 -0.123120 0.130328 0.698115
1666059922.650107 -1.507117 -0.203615 0.355922 0.688467 -0.136368 0.144518 0.697518
1666059922.750110 -1.420776 -0.214922 0.341040 0.687979 -0.151932 0.157737 0.691896
1666059922.850114 -1.317490 -0.204598 0.401284 0.684348 -0.158328 0.166997 0.691890
1666059922.950116 -1.246408 -0.202472 0.472101 0.679386 -0.172362 0.182388 0.689536
1666059923.050116 -1.162898 -0.215325 0.451471 0.679284 -0.185825 0.190541 0.683913
1666059923.150125 -1.095415 -0.202047 0.547446 0.673454 -0.197399 0.203627 0.682664
1666059923.250134 -1.039778 -0.189820 0.551557 0.672181 -0.211838 0.218125 0.675070
1666059923.350142 -0.972974 -0.203366 0.553669 0.671524 -0.217236 0.225122 0.671703
1666059923.450150 -0.943675 -0.193554 0.597240 0.667352 -0.223317 0.231543 0.671684
1666059923.550158 -0.900980 -0.203162 0.634775 0.667245 -0.230258 0.236325 0.667769
1666059923.650165 -0.856172 -0.198317 0.667950 0.664666 -0.236609 0.240536 0.666616
1666059923.750171 -0.812274 -0.201415 0.696058 0.661912 -0.244326 0.244541 0.665114
1666059923.850176 -0.762745 -0.202494 0.751615 0.660241 -0.250773 0.249616 0.662486
1666059923.950181 -0.697928 -0.197690 0.812834 0.659127 -0.255171 0.253263 0.660528
1666059924.050186 -0.622982 -0.193967 0.873726 0.655932 -0.258449 0.259454 0.660031
1666059924.150190 -0.545429 -0.189666 0.955257 0.653278 -0.262151 0.267591 0.657951
1666059924.250194 -0.479693 -0.184385 1.023894 0.648422 -0.273016 0.279301 0.653455
1666059924.350197 -0.434621 -0.190189 1.073327 0.643290 -0.286326 0.292579 0.646988
1666059924.450200 -0.395358 -0.190353 1.116878 0.636659 -0.303673 0.309412 0.637740
1666059924.550200 -0.367518 -0.193748 1.152664 0.628701 -0.319468 0.325389 0.629919
1666059924.650200 -0.334182 -0.193626 1.174374 0.619638 -0.336462 0.342847 0.620724
1666059924.750199 -0.312272 -0.186264 1.190391 0.611066 -0.352062 0.359113 0.611300
1666059924.850199 -0.303365 -0.187727 1.214066 0.602943 -0.366871 0.373196 0.602155
1666059924.950199 -0.289545 -0.193373 1.244344 0.594215 -0.381141 0.385950 0.593871
1666059925.050200 -0.285205 -0.187873 1.264103 0.585926 -0.396210 0.396775 0.585045
1666059925.150200 -0.278191 -0.197497 1.295347 0.582013 -0.403589 0.401891 0.580397
1666059925.250200 -0.258725 -0.192003 1.356534 0.577721 -0.406039 0.403646 0.581757
1666059925.350200 -0.229379 -0.191456 1.449271 0.573915 -0.406048 0.407964 0.582505
1666059925.450200 -0.202440 -0.182424 1.531665 0.568948 -0.404285 0.413367 0.584791
1666059925.550200 -0.176525 -0.155923 1.600293 0.568810 -0.403678 0.418245 0.581868
1666059925.650200 -0.121312 -0.165010 1.673670 0.571939 -0.402831 0.423839 0.575303
1666059925.750200 -0.099637 -0.179101 1.730503 0.569745 -0.408216 0.429521 0.569441
1666059925.850200 -0.079055 -0.169595 1.830227 0.561791 -0.422125 0.438279 0.560457
1666059925.950200 -0.066724 -0.187610 1.871794 0.552050 -0.437333 0.450057 0.549027
1666059926.050200 -0.048460 -0.160514 1.931353 0.544092 -0.449496 0.460731 0.538186
1666059926.150200 -0.069868 -0.194532 1.963532 0.539549 -0.457582 0.463602 0.533460
1666059926.250200 -0.077447 -0.189134 2.026841 0.536770 -0.466651 0.461061 0.530602
1666059926.350200 -0.066818 -0.160834 2.093235 0.537692 -0.470697 0.460120 0.526898
1666059926.450200 -0.045988 -0.169493 2.144935 0.541650 -0.473709 0.457999 0.521970
1666059926.550200 -0.022082 -0.165470 2.216703 0.542106 -0.476211 0.461419 0.516175
1666059926.650205 -0.008589 -0.174336 2.279835 0.540006 -0.478386 0.467153 0.511184
1666059926.750217 -0.000725 -0.197128 2.366711 0.534537 -0.482954 0.474362 0.505972
1666059926.850226 -0.008973 -0.180421 2.448684 0.525623 -0.489177 0.479625 0.504368
1666059926.950237 -0.018494 -0.208739 2.494173 0.524150 -0.491059 0.481363 0.502412
1666059927.050245 -0.024078 -0.195303 2.594566 0.518654 -0.492735 0.482376 0.505493
1666059927.150253 -0.014768 -0.191686 2.676106 0.517151 -0.492614 0.483602 0.505980
1666059927.250261 -0.011681 -0.194380 2.764410 0.515796 -0.492602 0.485288 0.505760
1666059927.350267 -0.006150 -0.194339 2.855911 0.514842 -0.492914 0.486395 0.505365
1666059927.450275 -0.003012 -0.190777 2.947170 0.515232 -0.493686 0.487427 0.503216
1666059927.550282 -0.002193 -0.201963 3.052201 0.512893 -0.495441 0.487390 0.503916
1666059927.650292 -0.006511 -0.198828 3.164449 0.509643 -0.496500 0.487591 0.505972
1666059927.750302 -0.004204 -0.199180 3.278223 0.509292 -0.496099 0.488296 0.506038
1666059927.850312 0.012593 -0.193783 3.402179 0.508228 -0.495396 0.490198 0.505958
1666059927.950321 -0.002264 -0.195812 3.509661 0.507548 -0.496045 0.491630 0.504614
1666059928.050329 0.002930 -0.191997 3.600433 0.506632 -0.496263 0.493183 0.503804
1666059928.150336 0.003545 -0.188265 3.675703 0.507275 -0.497652 0.492115 0.502830
1666059928.250341 -0.000937 -0.199204 3.784395 0.505816 -0.498407 0.492514 0.503162
1666059928.350348 -0.001608 -0.195486 3.887246 0.504396 -0.497548 0.493880 0.504096
1666059928.450352 0.016668 -0.202092 3.996358 0.502116 -0.497024 0.496921 0.503901
1666059928.550355 0.018658 -0.196505 4.077855 0.497920 -0.497334 0.501139 0.503583
1666059928.650357 0.014375 -0.191023 4.139870 0.496180 -0.498439 0.502785 0.502566
1666059928.750356 0.001143 -0.188899 4.177851 0.495765 -0.498907 0.503025 0.502270
1666059928.850356 0.008559 -0.187797 4.191099 0.496552 -0.498517 0.502825 0.502080
1666059928.950356 0.008437 -0.187098 4.198280 0.496807 -0.499141 0.502116 0.501917
1666059929.050356 0.003682 -0.188315 4.202244 0.496973 -0.499159 0.501759 0.502092
1666059929.150357 0.006060 -0.188356 4.203537 0.497128 -0.499167 0.501600 0.502089
1666059929.250356 0.007117 -0.188860 4.203499 0.497129 -0.499227 0.501545 0.502084
1666059929.350356 0.007144 -0.188454 4.203483 0.497135 -0.499222 0.501520 0.502108
1666059929.450356 0.006628 -0.188624 4.203856 0.497177 -0.499225 0.501521 0.502062
1666059929.550356 0.005582 -0.188266 4.203751 0.497198 -0.499239 0.501511 0.502038
1666059929.650357 0.006379 -0.188168 4.203915 0.497173 -0.499207 0.501511 0.502094
1666059929.750356 0.005308 -0.188998 4.204140 0.497183 -0.499252 0.501484 0.502067
1666059929.850356 0.005103 -0.188415 4.203190 0.497228 -0.499205 0.501455 0.502098
1666059929.950356 0.005532 -0.188354 4.203766 0.497237 -0.499160 0.501472 0.502117
1666059930.050356 0.004849 -0.188253 4.203530 0.497233 -0.499124 0.501503 0.502125
1666059930.150357 0.005101 -0.188475 4.203399 0.497228 -0.499170 0.501445 0.502143
1666059930.250356 0.004407 -0.188855 4.202962 0.497228 -0.499165 0.501438 0.502155
1666059930.350356 0.004911 -0.188780 4.202573 0.497243 -0.499148 0.501438 0.502157
1666059930.450356 0.004898 -0.189052 4.202759 0.497216 -0.499136 0.501442 0.502191
1666059930.550356 0.004796 -0.189576 4.202891 0.497194 -0.499118 0.501446 0.502227
1666059930.650357 0.004451 -0.189110 4.203442 0.497200 -0.499121 0.501479 0.502185
1666059930.750356 0.004978 -0.189206 4.203945 0.497221 -0.499119 0.501445 0.502201
1666059930.850356 0.005017 -0.188704 4.202780 0.497250 -0.499122 0.501442 0.502171
1666059930.950356 0.005762 -0.188764 4.202414 0.497238 -0.499131 0.501416 0.502200
1666059931.050356 0.005762 -0.188764 4.202414 0.497238 -0.499131 0.501416 0.502200
1666059931.150357 0.007432 -0.189016 4.201843 0.497234 -0.499129 0.501412 0.502210
1666059931.250356 0.005827 -0.188341 4.200860 0.497288 -0.499093 0.501423 0.502182
1666059931.350356 0.004891 -0.188538 4.202386 0.497273 -0.499113 0.501413 0.502186
1666059931.450356 0.006905 -0.188468 4.201269 0.497236 -0.499151 0.501425 0.502173
1666059931.550356 0.007700 -0.188260 4.201723 0.497239 -0.499156 0.501435 0.502156
1666059931.650357 0.009524 -0.187916 4.200727 0.497241 -0.499137 0.501403 0.502204
1666059931.750356 0.008538 -0.188063 4.199439 0.497222 -0.499179 0.501484 0.502100
1666059931.850356 0.009570 -0.187915 4.199755 0.497208 -0.499198 0.501495 0.502085
1666059931.950356 0.008211 -0.188906 4.199816 0.497203 -0.499159 0.501481 0.502141
1666059932.050356 0.008732 -0.188327 4.200610 0.497230 -0.499137 0.501511 0.502107
1666059932.150357 0.008499 -0.188618 4.199679 0.497219 -0.499143 0.501506 0.502117
1666059932.250356 0.008338 -0.188548 4.200129 0.497194 -0.499148 0.501512 0.502131
1666059932.350356 0.009272 -0.188642 4.200313 0.497182 -0.499156 0.501522 0.502126
1666059932.450356 0.010002 -0.188287 4.200169 0.497179 -0.499160 0.501519 0.502127
1666059932.550356 0.008412 -0.188711 4.199301 0.497188 -0.499163 0.501486 0.502149
1666059932.650357 0.008061 -0.189051 4.197842 0.497195 -0.499172 0.501480 0.502139
