1666059836.452089 -0.024558 0.012595 -0.068271 0.000482 0.001274 -0.000102 0.999999
1666059836.551674 -0.044909 0.026225 -0.130955 0.001020 0.002376 -0.000204 0.999997
1666059836.651352 -0.065681 0.019799 -0.166713 0.000749 0.003414 -0.000190 0.999994
1666059836.751101 -0.060808 0.019614 -0.177897 0.000755 0.002995 0.000196 0.999995
1666059836.850908 -0.051690 0.020701 -0.184817 0.000838 0.002340 0.000628 0.999997
1666059836.950758 -0.043227 0.021988 -0.191616 0.000950 0.001814 0.001035 0.999997
1666059837.050643 -0.045419 0.019787 -0.216130 0.000869 0.001373 0.001261 0.999998
1666059837.150556 -0.045590 0.016930 -0.253776 0.000781 0.001049 0.001442 0.999998
1666059837.250489 -0.033190 0.016020 -0.291944 0.000805 0.000137 0.001479 0.999999
1666059837.350441 -0.028055 0.016947 -0.318622 0.001010 -0.000470 0.001503 0.999998
1666059837.450401 -0.023065 0.018328 -0.349305 0.001252 -0.001149 0.001517 0.999997
1666059837.550370 -0.010733 0.016757 -0.386970 0.001235 -0.002257 0.001577 0.999995
1666059837.650346 -0.001013 0.018043 -0.417524 0.001470 -0.003343 0.001677 0.999992
1666059837.750328 0.005909 0.019517 -0.449177 0.001742 -0.004113 0.001773 0.999988
1666059837.850313 0.021495 0.018718 -0.490737 0.001768 -0.005353 0.001895 0.999982
1666059837.950303 0.031702 0.020235 -0.529645 0.001974 -0.006210 0.001971 0.999977
1666059838.050294 0.046624 0.020944 -0.567590 0.002068 -0.007465 0.002169 0.999968
1666059838.150288 0.062460 0.022222 -0.607430 0.002274 -0.008781 0.002286 0.999956
1666059838.250283 0.074747 0.024587 -0.636343 0.002548 -0.010215 0.002668 0.999941
1666059838.350278 0.086696 0.027983 -0.665890 0.003004 -0.011644 0.002826 0.999924
1666059838.450278 0.097687 0.031292 -0.696537 0.003424 -0.012926 0.002961 0.999906
1666059838.550278 0.111560 0.033430 -0.732021 0.003678 -0.014197 0.003029 0.999888
1666059838.650278 0.116957 0.036324 -0.763000 0.004129 -0.014862 0.003011 0.999876
1666059838.750278 0.130082 0.037216 -0.797357 0.004279 -0.016090 0.003077 0.999857
1666059838.850278 0.138485 0.039912 -0.828122 0.004661 -0.017076 0.003182 0.999838
1666059838.950278 0.162778 0.051819 -0.884687 0.005278 -0.018444 0.003261 0.999811
1666059839.050278 0.168552 0.056468 -0.916892 0.005780 -0.019115 0.003354 0.999795
1666059839.150278 0.186119 0.065782 -0.965599 0.006349 -0.020253 0.003358 0.999769
1666059839.250278 0.193845 0.069078 -1.001722 0.006691 -0.020957 0.003410 0.999752
1666059839.350278 0.213023 0.071921 -1.043346 0.006935 -0.022345 0.003565 0.999720
1666059839.450278 0.229628 0.074843 -1.083401 0.007210 -0.023562 0.003679 0.999690
1666059839.550278 0.236054 0.077530 -1.112762 0.007591 -0.024239 0.003694 0.999671
1666059839.650278 0.244016 0.081768 -1.143784 0.008136 -0.025053 0.003668 0.999646
1666059839.750278 0.251626 0.088051 -1.176854 0.008795 -0.025857 0.003614 0.999620
1666059839.850278 0.258679 0.091862 -1.205567 0.009309 -0.026431 0.003568 0.999601
1666059839.950278 0.265954 0.093450 -1.234989 0.009434 -0.028081 0.003670 0.999554
1666059840.050278 0.272681 0.095228 -1.263734 0.009616 -0.028497 0.003782 0.999540
1666059840.150278 0.283927 0.101076 -1.296543 0.009437 -0.028060 0.003808 0.999554
1666059840.250278 0.286882 0.106148 -1.343500 0.007130 -0.028606 0.003689 0.999559
1666059840.350278 0.291955 0.104152 -1.409775 0.007299 -0.028912 0.003691 0.999549
1666059840.450278 0.302958 0.108606 -1.491535 0.008732 -0.028857 0.003503 0.999539
1666059840.550278 0.315525 0.113720 -1.575810 0.010534 -0.029103 0.004266 0.999512
1666059840.650278 0.326023 0.117463 -1.664891 0.010846 -0.029919 0.003681 0.999487
1666059840.750278 0.340213 0.122889 -1.753090 0.010971 -0.030041 0.003667 0.999482
1666059840.850278 0.348464 0.123474 -1.851756 0.009305 -0.029726 0.003580 0.999508
1666059840.950278 0.360194 0.126897 -1.957362 0.008626 -0.029710 0.004054 0.999513
1666059841.050278 0.371008 0.126821 -2.070114 0.009450 -0.029940 0.005026 0.999494
1666059841.150278 0.380434 0.128766 -2.182734 0.009775 -0.029136 0.004168 0.999519
1666059841.250278 0.389541 0.133939 -2.302984 0.010817 -0.030383 0.003821 0.999473
1666059841.350278 0.406027 0.135895 -2.414349 0.010763 -0.030367 0.003559 0.999475
1666059841.450278 0.430599 0.147247 -2.514760 0.012525 -0.030429 0.003356 0.999453
1666059841.550278 0.466284 0.145030 -2.604750 0.012364 -0.033273 0.003153 0.999365
1666059841.650278 0.481370 0.149349 -2.707575 0.011538 -0.032413 0.003456 0.999402
1666059841.750268 0.522525 0.161188 -2.805235 0.011573 -0.033605 0.003767 0.999361
1666059841.850255 0.535537 0.166391 -2.931588 0.011773 -0.033482 0.003704 0.999363
1666059841.950246 0.560757 0.164796 -3.064636 0.017884 -0.033366 0.004851 0.999271
1666059842.050238 0.597689 0.170126 -3.196848 0.029310 -0.033974 0.006066 0.998974
1666059842.150232 0.621607 0.178621 -3.325961 0.026398 -0.035203 0.004400 0.999022
1666059842.250228 0.609660 0.199199 -3.446821 0.020410 -0.034222 0.001169 0.999205
1666059842.350225 0.643270 0.215498 -3.593779 0.021141 -0.035247 0.002059 0.999153
1666059842.450226 0.654201 0.226058 -3.707871 0.007913 -0.034376 0.003476 0.999372
1666059842.550227 0.659750 0.222017 -3.828957 0.001257 -0.034369 0.002313 0.999406
1666059842.650233 0.671815 0.216252 -3.940142 -0.001201 -0.034140 0.002119 0.999414
1666059842.750237 0.680903 0.219350 -4.048474 0.003153 -0.032677 0.002994 0.999457
1666059842.850242 0.714476 0.231634 -4.131518 0.000288 -0.035504 0.000043 0.999369
1666059842.950248 0.742903 0.235006 -4.249037 0.001729 -0.035666 0.002321 0.999360
1666059843.050255 0.761489 0.238673 -4.381961 0.001265 -0.033146 0.002930 0.999445
1666059843.150263 0.774555 0.240737 -4.538457 0.005149 -0.033896 0.001679 0.999411
1666059843.250271 0.799325 0.234348 -4.726061 0.011028 -0.032614 0.006108 0.999389
1666059843.350281 0.825265 0.241649 -4.902074 0.016911 -0.033955 0.007913 0.999249
1666059843.450294 0.849970 0.252680 -5.076821 0.016924 -0.032775 0.006398 0.999299
1666059843.550307 0.868185 0.261750 -5.238923 0.015876 -0.033635 0.006430 0.999287
1666059843.650318 0.883220 0.260474 -5.392914 0.016784 -0.034666 0.006676 0.999236
1666059843.750323 0.895207 0.266184 -5.537188 0.017121 -0.033539 0.006096 0.999272
1666059843.850323 0.916671 0.273373 -5.689015 0.020204 -0.033916 0.006131 0.999202
1666059843.950323 0.934911 0.284958 -5.827736 0.022440 -0.033383 0.006223 0.999171
1666059844.050323 0.951118 0.296471 -5.981093 0.025238 -0.032986 0.006764 0.999114
1666059844.150323 0.984240 0.293309 -6.126803 0.026656 -0.034863 0.006172 0.999017
1666059844.250323 1.014191 0.307445 -6.251006 0.027329 -0.036551 0.006225 0.998939
1666059844.350323 1.022487 0.321826 -6.400670 0.024730 -0.040349 0.006165 0.998861
1666059844.450323 1.053554 0.342500 -6.567596 0.028488 -0.040829 0.007359 0.998733
1666059844.550323 1.086459 0.349070 -6.728809 0.030748 -0.042396 0.007114 0.998602
1666059844.650323 1.101249 0.353030 -6.890999 0.033451 -0.046087 0.006571 0.998356
1666059844.750323 1.122996 0.363762 -7.030746 0.031529 -0.050914 0.006107 0.998187
1666059844.850323 1.135305 0.376436 -7.182052 0.031837 -0.052245 0.005228 0.998113
1666059844.950323 1.157264 0.389814 -7.311612 0.030494 -0.054860 0.004903 0.998016
1666059845.050323 1.183944 0.400520 -7.460636 0.029681 -0.056767 0.005555 0.997931
1666059845.150323 1.205416 0.405229 -7.608362 0.029203 -0.058307 0.005743 0.997855
1666059845.250323 1.225071 0.419979 -7.748313 0.029577 -0.058897 0.004395 0.997816
1666059845.350323 1.252180 0.428303 -7.886639 0.028631 -0.061023 0.004862 0.997714
1666059845.450323 1.282761 0.441530 -8.035256 0.027678 -0.063076 0.005061 0.997612
1666059845.550323 1.303694 0.453347 -8.195517 0.030038 -0.066789 0.003771 0.997308
1666059845.650323 1.317551 0.466348 -8.363492 0.032439 -0.078492 0.001144 0.996386
1666059845.750323 1.361894 0.486347 -8.499460 0.030618 -0.093609 0.001828 0.995136
1666059845.850323 1.396423 0.493445 -8.651748 0.028685 -0.094666 0.006443 0.995075
1666059845.950323 1.415044 0.505429 -8.803148 0.029746 -0.096939 0.002625 0.994842
1666059846.050323 1.448280 0.517463 -8.942731 0.027310 -0.097371 0.001611 0.994872
1666059846.150323 1.483240 0.528272 -9.092014 0.027926 -0.099772 0.003161 0.994613
1666059846.250323 1.520173 0.535627 -9.245249 0.027575 -0.100303 0.003706 0.994568
1666059846.350323 1.546526 0.549623 -9.396398 0.027840 -0.100214 0.002459 0.994573
1666059846.450323 1.584398 0.561206 -9.546717 0.030361 -0.101042 0.004291 0.994409
1666059846.550323 1.615940 0.577677 -9.679479 0.027909 -0.102395 0.002852 0.994348
1666059846.650330 1.644996 0.582027 -9.822963 0.026779 -0.104466 0.000126 0.994168
1666059846.750350 1.695171 0.595119 -9.954167 0.022298 -0.106205 0.001047 0.994094
1666059846.850365 1.727863 0.610170 -10.128207 0.035149 -0.108173 0.003987 0.993502
1666059846.950379 1.749416 0.620932 -10.292258 0.032067 -0.107593 0.003081 0.993673
1666059847.050388 1.785488 0.631999 -10.451707 0.037632 -0.105612 0.004472 0.993685
1666059847.150398 1.805305 0.658890 -10.611373 0.044042 -0.104116 0.000460 0.993589
1666059847.250406 1.836533 0.675357 -10.749435 0.041209 -0.105139 -0.000388 0.993603
1666059847.350410 1.880112 0.691165 -10.875467 0.033104 -0.104002 0.001755 0.994024
1666059847.450414 1.906214 0.707993 -11.008480 0.038451 -0.103612 0.000788 0.993874
1666059847.550416 1.935625 0.718079 -11.133536 0.035084 -0.104528 -0.001877 0.993901
1666059847.650416 1.968970 0.726084 -11.262812 0.036839 -0.103144 -0.000403 0.993984
1666059847.750414 1.993881 0.733506 -11.382581 0.035359 -0.103203 -0.001206 0.994031
1666059847.850411 2.020049 0.746671 -11.510203 0.033236 -0.103142 -0.002023 0.994109
1666059847.950407 2.056919 0.759992 -11.642329 0.036042 -0.100412 0.000935 0.994292
1666059848.050402 2.089181 0.781486 -11.785406 0.036176 -0.099768 -0.000333 0.994353
1666059848.150396 2.184710 0.808051 -11.886548 0.036619 -0.104752 -0.000671 0.993824
1666059848.250389 2.209513 0.815208 -12.060205 0.039566 -0.103342 -0.000577 0.993859
1666059848.350381 2.244533 0.826238 -12.211049 0.039570 -0.103329 -0.000427 0.993860
1666059848.450374 2.312317 0.852471 -12.311453 0.041021 -0.104935 0.001054 0.993632
1666059848.550364 2.339629 0.867025 -12.463262 0.043020 -0.104931 0.001131 0.993548
1666059848.650354 2.390402 0.881274 -12.564134 0.044882 -0.103069 -0.001587 0.993660
1666059848.750354 2.436909 0.895423 -12.675789 0.049977 -0.097957 -0.000042 0.993935
1666059848.850354 2.472041 0.913740 -12.757074 0.045080 -0.094962 -0.000185 0.994460
1666059848.950354 2.512904 0.942960 -12.819122 0.043150 -0.099291 -0.001348 0.994121
1666059849.050354 2.524834 0.952270 -12.941866 0.040168 -0.094820 -0.000521 0.994684
1666059849.150354 2.555758 0.970442 -13.061122 0.040516 -0.093416 -0.001328 0.994802
1666059849.250336 2.594037 0.980796 -13.206655 0.041290 -0.093448 -0.000091 0.994768
1666059849.350321 2.613660 0.995458 -13.374955 0.044872 -0.091458 -0.000498 0.994797
1666059849.450309 2.640957 1.009731 -13.529019 0.044942 -0.091391 -0.000337 0.994800
1666059849.550297 2.665527 1.026228 -13.680695 0.044389 -0.090556 -0.000866 0.994901
1666059849.650288 2.692817 1.042178 -13.822126 0.043841 -0.089510 -0.000246 0.995021
1666059849.750278 2.751390 1.084512 -13.925727 0.045828 -0.089548 -0.002315 0.994925
1666059849.850271 2.774897 1.100837 -14.064017 0.044322 -0.089035 -0.003685 0.995035
1666059849.950263 2.803527 1.122405 -14.220637 0.045531 -0.085852 -0.003651 0.995260
1666059850.050256 2.829188 1.137559 -14.388205 0.046134 -0.084369 -0.002945 0.995362
1666059850.150248 2.868915 1.157985 -14.553524 0.047074 -0.083989 -0.000739 0.995354
1666059850.250242 2.908363 1.172197 -14.715383 0.049700 -0.083951 -0.000982 0.995229
1666059850.350235 2.934146 1.197551 -14.883510 0.050523 -0.082554 -0.002874 0.995301
1666059850.450231 2.970155 1.220697 -15.038088 0.052305 -0.083391 -0.002334 0.995141
1666059850.550225 2.999803 1.240431 -15.192101 0.052620 -0.084292 -0.000710 0.995051
1666059850.650220 3.014608 1.266215 -15.334834 0.053021 -0.081267 -0.001521 0.995280
1666059850.750215 3.043943 1.280028 -15.477863 0.052862 -0.083006 0.001501 0.995145
1666059850.850210 3.075910 1.297229 -15.618287 0.052333 -0.080074 0.002077 0.995412
1666059850.950205 3.097515 1.319866 -15.758868 0.053200 -0.080261 -0.000328 0.995353
1666059851.050201 3.116309 1.341314 -15.916015 0.052683 -0.077616 -0.002040 0.995588
1666059851.150200 3.139723 1.359931 -16.057307 0.045439 -0.077970 -0.001244 0.995919
1666059851.250200 3.165302 1.374943 -16.229635 0.055797 -0.074037 0.004080 0.995685
1666059851.350199 3.189617 1.399253 -16.383164 0.056134 -0.074675 0.002515 0.995624
1666059851.450200 3.247544 1.420012 -16.510465 0.057206 -0.076367 0.001257 0.995437
1666059851.550200 3.283227 1.442629 -16.676627 0.066671 -0.076804 0.003868 0.994807
1666059851.650200 3.312803 1.464969 -16.822295 0.057890 -0.075489 0.004202 0.995456
1666059851.750200 3.330401 1.494895 -16.967216 0.059378 -0.075259 0.002166 0.995392
1666059851.850199 3.357684 1.512927 -17.122294 0.058804 -0.074631 0.002301 0.995473
1666059851.950207 3.387098 1.540491 -17.269496 0.057832 -0.074591 0.003834 0.995528
1666059852.050220 3.426837 1.558602 -17.396150 0.057416 -0.074942 0.004270 0.995524
1666059852.150232 3.456009 1.584318 -17.526771 0.055212 -0.075012 0.004425 0.995643
1666059852.250242 3.480890 1.615307 -17.661600 0.055538 -0.074369 0.003893 0.995675
1666059852.350251 3.503226 1.631922 -17.811986 0.053563 -0.073360 0.004142 0.995858
1666059852.450259 3.521093 1.663407 -17.955951 0.052088 -0.072246 0.003016 0.996021
1666059852.550268 3.537475 1.673355 -18.115991 0.048835 -0.071039 0.003175 0.996272
1666059852.650278 3.563580 1.693695 -18.274598 0.048754 -0.070284 0.004791 0.996323
1666059852.750289 3.586482 1.714004 -18.428254 0.047664 -0.069157 0.004758 0.996455
1666059852.850299 3.620389 1.729126 -18.583503 0.050105 -0.068780 0.003542 0.996367
1666059852.950308 3.652027 1.744428 -18.744947 0.051628 -0.069476 0.003691 0.996240
1666059853.050314 3.686864 1.761303 -18.891575 0.051983 -0.069700 0.003496 0.996207
1666059853.150321 3.716301 1.781633 -19.036832 0.053458 -0.069909 0.001816 0.996118
1666059853.250325 3.747968 1.810154 -19.174972 0.053110 -0.071003 0.001764 0.996060
1666059853.350329 3.779486 1.827426 -19.315921 0.053158 -0.071683 0.003689 0.996003
1666059853.450332 3.805366 1.857896 -19.461848 0.055269 -0.070947 0.001963 0.995946
1666059853.550332 3.827560 1.876968 -19.603236 0.055408 -0.070008 0.001078 0.996006
1666059853.650330 3.855114 1.899899 -19.749384 0.054659 -0.070249 0.000084 0.996031
1666059853.750325 3.882215 1.919650 -19.897303 0.055595 -0.069678 0.001616 0.996018
1666059853.850320 3.913668 1.943001 -20.040767 0.057522 -0.069974 0.000605 0.995889
1666059853.950315 3.931071 1.965047 -20.191409 0.058351 -0.069509 -0.000342 0.995873
1666059854.050314 3.955707 1.991739 -20.345719 0.060194 -0.068491 -0.000249 0.995834
1666059854.150315 3.981630 2.013774 -20.487464 0.060963 -0.068133 -0.000338 0.995812
1666059854.250314 4.009141 2.029627 -20.640882 0.059163 -0.066957 -0.001238 0.995999
1666059854.350314 4.027808 2.052481 -20.785011 0.058626 -0.067112 -0.002615 0.996018
1666059854.450315 4.049665 2.067879 -20.936762 0.059974 -0.066161 -0.002294 0.996002
1666059854.550314 4.071948 2.087400 -21.082901 0.059235 -0.065743 -0.002330 0.996074
1666059854.650315 4.097428 2.105889 -21.225411 0.057808 -0.065355 -0.001939 0.996184
1666059854.750314 4.122275 2.126446 -21.380910 0.058586 -0.064536 -0.000606 0.996194
1666059854.850314 4.142567 2.149137 -21.528831 0.057682 -0.063338 -0.001544 0.996323
1666059854.950315 4.163443 2.163574 -21.686840 0.056705 -0.062248 -0.001552 0.996447
1666059855.050314 4.176667 2.186869 -21.848708 0.058657 -0.061252 -0.000691 0.996397
1666059855.150315 4.200880 2.205185 -21.998782 0.061777 -0.059323 0.001660 0.996324
1666059855.250314 4.214812 2.226142 -22.135934 0.060602 -0.058930 0.000471 0.996421
1666059855.350314 4.231974 2.246169 -22.268696 0.055980 -0.056606 -0.001310 0.996825
1666059855.450315 4.249110 2.268101 -22.407154 0.052891 -0.053996 -0.000732 0.997139
1666059855.550314 4.271084 2.280082 -22.564321 0.059807 -0.051431 0.001455 0.996883
1666059855.650315 4.296288 2.301736 -22.713217 0.060447 -0.051155 0.001812 0.996858
1666059855.750314 4.303179 2.324460 -22.874177 0.060974 -0.050207 0.000068 0.996876
1666059855.850314 4.327531 2.347949 -23.025680 0.064092 -0.048971 0.001371 0.996741
1666059855.950315 4.346699 2.364579 -23.162444 0.059538 -0.048723 0.001154 0.997036
1666059856.050314 4.360827 2.384557 -23.302242 0.057024 -0.046847 0.000420 0.997273
1666059856.150315 4.417808 2.404730 -23.413020 0.057128 -0.048111 0.000073 0.997207
1666059856.250314 4.432066 2.422014 -23.557836 0.058444 -0.047559 0.002266 0.997155
1666059856.350314 4.471940 2.422181 -23.681416 0.057111 -0.045551 0.005033 0.997315
1666059856.450315 4.474458 2.446649 -23.844141 0.057749 -0.044412 0.003106 0.997338
1666059856.550314 4.487550 2.466659 -23.988931 0.058673 -0.043918 0.004361 0.997301
1666059856.650315 4.502914 2.482871 -24.153192 0.058845 -0.043293 0.004828 0.997316
1666059856.750314 4.506512 2.506544 -24.299554 0.060911 -0.042938 0.002656 0.997216
1666059856.850314 4.506822 2.515105 -24.473671 0.058992 -0.041860 0.003871 0.997373
1666059856.950315 4.520378 2.526467 -24.621323 0.057845 -0.039705 0.004024 0.997528
1666059857.050314 4.536571 2.543915 -24.762011 0.059517 -0.038840 0.003696 0.997465
1666059857.150315 4.557910 2.553628 -24.898477 0.059683 -0.038865 0.004068 0.997452
1666059857.250314 4.562515 2.568003 -25.053502 0.058810 -0.036069 0.003717 0.997610
1666059857.350314 4.567263 2.589058 -25.207756 0.060424 -0.036340 0.003172 0.997506
1666059857.450315 4.568907 2.598699 -25.367646 0.057213 -0.034854 0.002058 0.997751
1666059857.550314 4.579771 2.608520 -25.513851 0.057769 -0.032074 0.003020 0.997810
1666059857.650315 4.583220 2.621078 -25.672089 0.054114 -0.030510 0.002636 0.998065
1666059857.750314 4.594667 2.634132 -25.818520 0.052546 -0.030371 0.003130 0.998152
1666059857.850314 4.603968 2.641912 -25.972494 0.055920 -0.028235 0.002090 0.998034
1666059857.950315 4.606715 2.657188 -26.120974 0.053463 -0.027659 0.002054 0.998185
1666059858.050314 4.621727 2.677469 -26.256683 0.054610 -0.026438 0.002009 0.998156
1666059858.150315 4.616791 2.676765 -26.425953 0.055004 -0.024686 0.000776 0.998181
1666059858.250314 4.621958 2.691516 -26.570875 0.053926 -0.024254 -0.000003 0.998250
1666059858.350314 4.631301 2.698888 -26.731245 0.050892 -0.022519 0.001730 0.998449
1666059858.450315 4.641445 2.703959 -26.889728 0.049849 -0.022962 0.003856 0.998485
1666059858.550314 4.645396 2.713667 -27.042430 0.049892 -0.020673 0.003795 0.998533
1666059858.650315 4.642292 2.723533 -27.196386 0.049672 -0.019387 0.002805 0.998573
1666059858.750299 4.642759 2.732900 -27.347794 0.049427 -0.015996 0.002546 0.998646
1666059858.850287 4.654766 2.743566 -27.486033 0.049701 -0.012932 0.004724 0.998669
1666059858.950279 4.665348 2.753404 -27.623027 0.051137 -0.008825 0.006666 0.998630
1666059859.050272 4.662057 2.762721 -27.763612 0.054088 -0.002042 0.006682 0.998512
1666059859.150267 4.663408 2.776521 -27.893434 0.050234 0.000680 0.006916 0.998713
1666059859.250262 4.654476 2.782901 -28.050596 0.051576 0.003830 0.007535 0.998633
1666059859.350260 4.655993 2.792922 -28.204951 0.055254 0.004810 0.009183 0.998419
1666059859.450259 4.648511 2.806483 -28.359851 0.056304 0.007448 0.008161 0.998353
1666059859.550258 4.641195 2.815239 -28.518162 0.062212 0.006638 0.007961 0.998009
1666059859.650259 4.641971 2.835991 -28.658124 0.058153 0.008034 0.009812 0.998227
1666059859.750259 4.639986 2.847905 -28.800645 0.059129 0.010109 0.011423 0.998134
1666059859.850259 4.636160 2.873290 -28.898850 0.047027 0.010490 0.008239 0.998805
1666059859.950258 4.624231 2.877058 -29.033126 0.041395 0.012729 0.007526 0.999033
1666059860.050258 4.636079 2.877697 -29.168961 0.041075 0.015288 0.012855 0.998956
1666059860.150259 4.633857 2.885126 -29.321351 0.041002 0.016775 0.014272 0.998916
1666059860.250261 4.620663 2.887943 -29.475536 0.042998 0.017042 0.010217 0.998878
1666059860.350263 4.616370 2.904239 -29.630722 0.051616 0.018644 0.009996 0.998443
1666059860.450268 4.617410 2.920808 -29.771560 0.056003 0.018792 0.011565 0.998187
1666059860.550273 4.619277 2.930328 -29.901242 0.051929 0.022828 0.011961 0.998318
1666059860.650280 4.625174 2.937756 -30.028484 0.053270 0.025243 0.013097 0.998175
1666059860.750281 4.628145 2.952308 -30.144653 0.052026 0.031214 0.013539 0.998066
1666059860.850281 4.624900 2.970153 -30.251216 0.049126 0.040686 0.012273 0.997888
1666059860.950281 4.630167 2.983893 -30.363421 0.048520 0.047554 0.014487 0.997584
1666059861.050281 4.608998 2.985325 -30.500896 0.048526 0.062033 0.015177 0.996778
1666059861.150281 4.579517 2.999431 -30.632512 0.049909 0.077038 0.013947 0.995681
1666059861.250281 4.562540 3.012961 -30.759947 0.050365 0.088647 0.016850 0.994646
1666059861.350281 4.560027 3.019688 -30.878961 0.050439 0.103419 0.017067 0.993212
1666059861.450281 4.564468 3.022666 -30.994336 0.050686 0.106997 0.016516 0.992829
1666059861.550281 4.560116 3.027923 -31.104610 0.051585 0.115538 0.018663 0.991787
1666059861.650281 4.550679 3.050472 -31.197236 0.051451 0.126170 0.018273 0.990505
1666059861.750281 4.548774 3.071940 -31.285077 0.050230 0.133174 0.017190 0.989670
1666059861.850281 4.556055 3.087176 -31.358690 0.047713 0.137310 0.018086 0.989213
1666059861.950281 4.539958 3.101656 -31.440043 0.044432 0.146026 0.019237 0.988095
1666059862.050281 4.527784 3.104161 -31.538102 0.044921 0.152525 0.021357 0.987047
1666059862.150281 4.512354 3.102219 -31.641087 0.045064 0.162889 0.022512 0.985358
1666059862.250281 4.482804 3.105648 -31.717338 0.044517 0.180223 0.021953 0.982373
1666059862.350281 4.464243 3.108110 -31.788029 0.044053 0.191192 0.022057 0.980315
1666059862.450281 4.447408 3.126017 -31.857942 0.043632 0.202790 0.021308 0.978018
1666059862.550281 4.443390 3.134400 -31.912786 0.042347 0.212058 0.021240 0.976108
1666059862.650281 4.426963 3.130474 -31.968793 0.039260 0.224879 0.021789 0.973352
1666059862.750281 4.420750 3.133305 -32.031393 0.038366 0.237323 0.022436 0.970414
1666059862.850281 4.402179 3.132351 -32.111184 0.036453 0.248016 0.024250 0.967766
1666059862.950281 4.378265 3.142033 -32.188566 0.036038 0.260309 0.023913 0.964556
1666059863.050281 4.342937 3.136544 -32.274836 0.035955 0.272485 0.024677 0.961171
1666059863.150281 4.305205 3.136827 -32.354536 0.035219 0.287995 0.024405 0.956673
1666059863.250274 4.257855 3.137007 -32.437768 0.033482 0.304359 0.021015 0.951737
1666059863.350260 4.207580 3.139229 -32.500778 0.029936 0.318767 0.018546 0.947179
1666059863.450248 4.169375 3.146226 -32.574097 0.030007 0.335155 0.020835 0.941454
1666059863.550236 4.119974 3.145305 -32.633627 0.028714 0.357140 0.019836 0.933399
1666059863.650226 4.074152 3.140115 -32.689030 0.027107 0.375355 0.020827 0.926251
1666059863.750215 4.033042 3.152804 -32.744117 0.026517 0.390801 0.020157 0.919872
1666059863.850205 3.994323 3.165544 -32.796793 0.025524 0.405595 0.020221 0.913473
1666059863.950196 3.949981 3.174513 -32.856657 0.024469 0.421971 0.020865 0.906039
1666059864.050188 3.898244 3.178379 -32.909693 0.022599 0.436968 0.020802 0.898953
1666059864.150180 3.840880 3.185953 -32.950794 0.021055 0.450231 0.018915 0.892463
1666059864.250173 3.780651 3.194989 -32.992040 0.017708 0.466241 0.018844 0.884280
1666059864.350166 3.695507 3.207233 -33.041979 0.016596 0.477288 0.017991 0.878406
1666059864.450161 3.623610 3.210887 -33.086116 0.013846 0.491957 0.019315 0.870295
1666059864.550155 3.548568 3.214611 -33.137047 0.011656 0.505598 0.022136 0.862407
1666059864.650151 3.465297 3.215381 -33.182905 0.010482 0.522272 0.020888 0.852459
1666059864.750146 3.381555 3.214099 -33.227084 0.006066 0.543942 0.022153 0.838808
1666059864.850141 3.280947 3.222683 -33.254872 -0.001668 0.559312 0.019578 0.828724
1666059864.950137 3.175598 3.227673 -33.299640 -0.005062 0.570163 0.021357 0.821239
1666059865.050133 3.063646 3.228450 -33.339135 -0.004412 0.586863 0.018850 0.809455
1666059865.150131 2.946507 3.221479 -33.362533 -0.007195 0.606592 0.017693 0.794784
1666059865.250129 2.836021 3.219485 -33.397886 -0.005321 0.620630 0.020441 0.783819
1666059865.350129 2.715239 3.219538 -33.416431 -0.005394 0.635590 0.019465 0.771763
1666059865.450130 2.610982 3.222909 -33.448650 -0.004743 0.648945 0.020852 0.760535
1666059865.550129 2.490688 3.232219 -33.479083 -0.002939 0.663001 0.019281 0.748364
1666059865.650130 2.371949 3.233861 -33.484815 -0.003806 0.679332 0.018347 0.733591
1666059865.750129 2.268117 3.230435 -33.492262 -0.006623 0.691479 0.017240 0.722160
1666059865.850129 2.135744 3.240729 -33.504639 -0.007005 0.696667 0.018153 0.717131
1666059865.950130 2.008624 3.241059 -33.518009 -0.005514 0.699647 0.019318 0.714206
1666059866.050129 1.865050 3.236343 -33.527688 -0.003833 0.700797 0.020649 0.713051
1666059866.150130 1.730264 3.225502 -33.527955 -0.005479 0.702555 0.021150 0.711294
1666059866.250129 1.597036 3.224275 -33.530209 -0.006799 0.703252 0.016621 0.710714
1666059866.350129 1.474041 3.220305 -33.517037 -0.007109 0.703243 0.009743 0.710847
1666059866.450130 1.344570 3.210949 -33.522732 -0.007000 0.703053 0.009875 0.711035
1666059866.550129 1.211003 3.205832 -33.533035 -0.004798 0.698292 0.015992 0.715618
1666059866.650130 1.052772 3.200879 -33.529888 -0.000770 0.698489 0.013295 0.715497
1666059866.750129 0.893042 3.196818 -33.519466 -0.002079 0.697899 0.006381 0.716164
1666059866.850129 0.740062 3.194722 -33.517870 -0.002545 0.698592 0.004207 0.715503
1666059866.950130 0.589778 3.187105 -33.533201 0.000637 0.698796 0.004855 0.715304
1666059867.050129 0.452829 3.194914 -33.543679 0.004456 0.698808 0.005305 0.715276
1666059867.150130 0.319610 3.188316 -33.547679 0.002582 0.698321 0.003528 0.715771
1666059867.250129 0.180844 3.188196 -33.546121 0.001127 0.697679 0.002486 0.716406
1666059867.350129 0.041906 3.187673 -33.552807 0.001026 0.696421 0.004552 0.717619
1666059867.450130 -0.115120 3.185383 -33.563667 0.002119 0.695768 0.004181 0.718252
1666059867.550129 -0.266552 3.187078 -33.581400 0.003651 0.695010 0.005398 0.718970
1666059867.650130 -0.418789 3.181854 -33.592408 0.003556 0.693374 0.004331 0.720556
1666059867.750129 -0.560625 3.185636 -33.590991 0.002001 0.694043 0.002340 0.719927
1666059867.850129 -0.715449 3.186730 -33.613062 0.003702 0.692237 0.002922 0.721655
1666059867.950130 -0.881673 3.213130 -33.637320 0.004838 0.690834 0.003846 0.722987
1666059868.050129 -1.054322 3.206432 -33.655862 0.006317 0.688794 0.002943 0.724924
1666059868.150130 -1.213071 3.220024 -33.654155 0.004645 0.688566 0.001282 0.725158
1666059868.250129 -1.390112 3.233084 -33.683153 0.003976 0.686766 0.002239 0.726864
1666059868.350129 -1.562343 3.258706 -33.711188 0.004945 0.685141 0.008521 0.728344
1666059868.450130 -1.713437 3.249879 -33.729494 0.006998 0.684108 0.009491 0.729286
1666059868.550129 -1.852168 3.249174 -33.734043 0.002892 0.683103 0.009659 0.730252
1666059868.650130 -2.007144 3.249842 -33.755707 0.002672 0.680658 0.008499 0.732547
1666059868.750129 -2.150764 3.254254 -33.776302 0.000379 0.679323 0.011351 0.733751
1666059868.850129 -2.330687 3.252938 -33.805099 0.006408 0.675000 0.008755 0.737738
1666059868.950130 -2.482396 3.256509 -33.810803 0.004850 0.673849 0.006402 0.738826
1666059869.050129 -2.634474 3.261794 -33.824102 0.006065 0.670316 0.005671 0.742029
1666059869.150130 -2.779859 3.265319 -33.837399 0.008916 0.671842 0.006373 0.740614
1666059869.250129 -2.931078 3.272887 -33.860725 0.009771 0.670256 0.003512 0.742057
1666059869.350129 -3.069608 3.276092 -33.874434 0.004639 0.668819 0.004251 0.743398
1666059869.450130 -3.231416 3.292842 -33.901320 0.005733 0.667594 0.000761 0.744503
1666059869.550129 -3.386422 3.297669 -33.923478 0.004313 0.664955 0.002247 0.746868
1666059869.650130 -3.550151 3.301209 -33.951387 0.006406 0.665857 -0.000252 0.746052
1666059869.750129 -3.712507 3.306367 -33.973739 0.007995 0.662963 -0.002904 0.748604
1666059869.850129 -3.873452 3.309061 -33.995870 0.008905 0.660666 -0.004071 0.750617
1666059869.950130 -4.042222 3.327644 -34.025346 0.010825 0.660359 -0.005027 0.750855
1666059870.050129 -4.195601 3.340418 -34.050410 0.010235 0.659915 -0.005782 0.751249
1666059870.150130 -4.359861 3.357372 -34.083225 0.013297 0.657961 -0.008566 0.752886
1666059870.250129 -4.516148 3.369530 -34.100719 0.013328 0.659007 -0.008819 0.751967
1666059870.350129 -4.673378 3.378826 -34.115619 0.014137 0.658770 -0.010087 0.752144
1666059870.450130 -4.811336 3.390458 -34.128094 0.014152 0.658413 -0.009666 0.752462
1666059870.550129 -4.961334 3.400362 -34.160254 0.013976 0.657427 -0.009308 0.753331
1666059870.650130 -5.118413 3.422786 -34.191720 0.013917 0.656648 -0.009783 0.754005
1666059870.750129 -5.272218 3.429473 -34.213099 0.014923 0.655913 -0.011932 0.754595
1666059870.850129 -5.430859 3.440822 -34.238664 0.016376 0.655308 -0.013381 0.755066
1666059870.950130 -5.592285 3.446723 -34.267918 0.018027 0.654749 -0.014256 0.755497
1666059871.050129 -5.747781 3.449126 -34.287192 0.018044 0.655579 -0.016192 0.754737
1666059871.150130 -5.899791 3.449943 -34.311716 0.017302 0.655089 -0.017144 0.755159
1666059871.250129 -6.045287 3.460843 -34.332636 0.017501 0.655408 -0.016769 0.754886
1666059871.350129 -6.212446 3.467891 -34.369566 0.015964 0.655867 -0.016879 0.754519
1666059871.450130 -6.358883 3.489887 -34.392167 0.016250 0.655541 -0.017167 0.754789
1666059871.550129 -6.502740 3.502206 -34.406364 0.017907 0.656070 -0.016740 0.754302
1666059871.650130 -6.654161 3.523926 -34.423988 0.019960 0.656555 -0.016304 0.753838
1666059871.750129 -6.814655 3.557075 -34.462761 0.020567 0.655697 -0.016761 0.754558
1666059871.850129 -6.951724 3.564265 -34.484108 0.020130 0.654914 -0.017400 0.755235
1666059871.950130 -7.087692 3.574081 -34.504803 0.018996 0.653938 -0.017436 0.756108
1666059872.050129 -7.243077 3.592439 -34.533138 0.019414 0.653459 -0.016039 0.756543
1666059872.150130 -7.392068 3.605973 -34.551834 0.019700 0.653818 -0.015114 0.756244
1666059872.250129 -7.537649 3.607473 -34.564405 0.020997 0.653367 -0.016710 0.756565
1666059872.350129 -7.696777 3.620890 -34.587515 0.023099 0.653892 -0.017378 0.756036
1666059872.450130 -7.863294 3.630448 -34.611244 0.023069 0.653922 -0.018924 0.755974
1666059872.550129 -8.005302 3.631947 -34.624681 0.022171 0.654515 -0.020085 0.755457
1666059872.650130 -8.161107 3.645871 -34.645784 0.021136 0.653626 -0.018695 0.756291
1666059872.750129 -8.309682 3.656366 -34.669119 0.019414 0.652745 -0.015032 0.757180
1666059872.850129 -8.463981 3.662552 -34.687695 0.017480 0.653917 -0.015422 0.756207
1666059872.950125 -8.624552 3.680640 -34.705637 0.018524 0.651651 -0.016356 0.758116
1666059873.050119 -8.762740 3.685556 -34.729483 0.016684 0.652079 -0.016811 0.757781
1666059873.150115 -8.909539 3.695450 -34.757288 0.013838 0.649983 -0.013337 0.759706
1666059873.250110 -9.063670 3.705429 -34.784976 0.012324 0.648878 -0.012355 0.760692
1666059873.350106 -9.229857 3.705960 -34.798848 0.016466 0.647716 -0.018063 0.761490
1666059873.450104 -9.379886 3.713802 -34.826791 0.013080 0.648432 -0.014030 0.761031
1666059873.550102 -9.544669 3.719559 -34.863514 0.014364 0.647172 -0.014161 0.762077
1666059873.650100 -9.716141 3.728004 -34.883263 0.019328 0.645886 -0.019745 0.762933
1666059873.750098 -9.861675 3.735090 -34.913219 0.014867 0.646558 -0.014267 0.762587
1666059873.850097 -10.022019 3.743410 -34.939450 0.018163 0.645370 -0.015816 0.763490
1666059873.950096 -10.191454 3.745907 -34.964969 0.018899 0.646253 -0.018530 0.762664
1666059874.050094 -10.346104 3.749896 -34.981051 0.019989 0.645431 -0.019523 0.763307
1666059874.150094 -10.501871 3.764350 -35.004322 0.020124 0.646902 -0.018643 0.762079
1666059874.250092 -10.662156 3.774223 -35.037098 0.018894 0.646068 -0.018606 0.762819
1666059874.350090 -10.817108 3.784372 -35.043598 0.018999 0.646134 -0.020153 0.762722
1666059874.450088 -10.969842 3.794862 -35.068676 0.016068 0.647348 -0.018008 0.761812
1666059874.550086 -11.130520 3.809131 -35.092903 0.018410 0.646693 -0.018635 0.762301
1666059874.650084 -11.287321 3.824728 -35.110077 0.016916 0.647693 -0.017657 0.761509
1666059874.750082 -11.450053 3.853505 -35.123988 0.015835 0.647998 -0.019909 0.761217
1666059874.850081 -11.594734 3.863888 -35.144207 0.014543 0.648300 -0.018259 0.761027
1666059874.950081 -11.752764 3.878960 -35.166823 0.014927 0.648612 -0.016554 0.760793
1666059875.050081 -11.922118 3.905717 -35.183106 0.015119 0.648945 -0.016939 0.760496
1666059875.150081 -12.067641 3.912806 -35.197917 0.014919 0.649572 -0.018325 0.759933
1666059875.250081 -12.218064 3.921745 -35.220777 0.015965 0.648982 -0.018808 0.760404
1666059875.350080 -12.375477 3.936393 -35.246822 0.016433 0.649847 -0.019816 0.759629
1666059875.450081 -12.538310 3.948789 -35.269494 0.015644 0.649679 -0.019430 0.759799
1666059875.550081 -12.698024 3.960746 -35.292497 0.014495 0.650455 -0.018719 0.759176
1666059875.650081 -12.858911 3.974994 -35.308878 0.014211 0.650382 -0.019238 0.759230
1666059875.750081 -13.003988 3.986399 -35.333885 0.015401 0.650593 -0.019069 0.759031
1666059875.850080 -13.151211 3.999363 -35.356610 0.016002 0.651577 -0.018316 0.758193
1666059875.950081 -13.304926 4.012313 -35.372633 0.016434 0.652428 -0.019947 0.757410
1666059876.050081 -13.457681 4.035481 -35.390413 0.013637 0.653696 -0.019829 0.756375
1666059876.150081 -13.603300 4.051077 -35.412850 0.012648 0.655362 -0.019833 0.754949
1666059876.250081 -13.753999 4.074199 -35.447939 0.012934 0.656391 -0.017961 0.754096
1666059876.350080 -13.918391 4.073534 -35.469720 0.013326 0.657818 -0.017441 0.752857
1666059876.450081 -14.072053 4.083909 -35.493586 0.013576 0.659035 -0.019724 0.751731
1666059876.550081 -14.222709 4.093060 -35.518438 0.017382 0.663234 -0.021214 0.747909
1666059876.650081 -14.333582 4.107583 -35.536742 0.019789 0.668955 -0.020732 0.742750
1666059876.750081 -14.438542 4.115384 -35.544064 0.017880 0.675473 -0.020238 0.736890
1666059876.850080 -14.549634 4.128950 -35.554482 0.017075 0.681516 -0.021399 0.731291
1666059876.950081 -14.660124 4.138727 -35.561063 0.015993 0.689950 -0.020765 0.723383
1666059877.050081 -14.781343 4.144017 -35.576985 0.015378 0.696062 -0.018253 0.717585
1666059877.150081 -14.924780 4.160783 -35.582132 0.018399 0.704090 -0.016477 0.709681
1666059877.250081 -15.075660 4.175622 -35.581202 0.017727 0.711858 -0.019385 0.701832
1666059877.350080 -15.223177 4.193034 -35.571393 0.019952 0.719913 -0.020069 0.693487
1666059877.450081 -15.365578 4.214676 -35.554750 0.020461 0.729893 -0.021661 0.682912
1666059877.550081 -15.485759 4.222065 -35.543494 0.019774 0.738152 -0.022721 0.673962
1666059877.650081 -15.626636 4.231116 -35.538015 0.021009 0.746104 -0.023913 0.665068
1666059877.750081 -15.768091 4.244016 -35.530182 0.022392 0.751039 -0.018387 0.659622
1666059877.850080 -15.907447 4.252362 -35.508275 0.021756 0.755385 -0.017370 0.654690
1666059877.950081 -16.059313 4.260373 -35.479710 0.021625 0.759258 -0.019040 0.650151
1666059878.050081 -16.211885 4.272100 -35.450931 0.021565 0.760079 -0.022533 0.649082
1666059878.150081 -16.370703 4.279954 -35.439599 0.025471 0.762538 -0.020819 0.646107
1666059878.250081 -16.533018 4.293246 -35.424820 0.031494 0.762349 -0.024245 0.645944
1666059878.350080 -16.681029 4.306166 -35.385813 0.024708 0.763579 -0.027372 0.644661
1666059878.450081 -16.829322 4.313679 -35.354833 0.019735 0.763271 -0.025569 0.645271
1666059878.550081 -16.997115 4.323499 -35.349455 0.027216 0.765136 -0.024796 0.642815
1666059878.650081 -17.149544 4.333651 -35.323637 0.026263 0.766057 -0.022331 0.641848
1666059878.750081 -17.304061 4.344861 -35.284765 0.024256 0.766983 -0.026854 0.640646
1666059878.850080 -17.465234 4.354988 -35.252832 0.024431 0.768628 -0.028731 0.638583
1666059878.950081 -17.616756 4.364017 -35.232209 0.022378 0.769143 -0.024753 0.638206
1666059879.050081 -17.775445 4.373373 -35.206623 0.023545 0.768865 -0.026921 0.638410
1666059879.150081 -17.928488 4.386634 -35.180686 0.022373 0.770928 -0.026413 0.635980
1666059879.250081 -18.083126 4.397632 -35.162061 0.026774 0.775344 -0.026875 0.630399
1666059879.350080 -18.226883 4.409690 -35.138110 0.028289 0.780409 -0.028766 0.623966
1666059879.450081 -18.359264 4.420550 -35.107030 0.026122 0.785335 -0.027542 0.617906
1666059879.550081 -18.497181 4.426168 -35.092851 0.024938 0.789641 -0.025778 0.612520
1666059879.650081 -18.640550 4.448714 -35.060189 0.026900 0.792451 -0.024661 0.608843
1666059879.750081 -18.778510 4.457757 -35.032828 0.026355 0.796435 -0.024734 0.603643
1666059879.850080 -18.906431 4.467772 -35.004221 0.028107 0.802346 -0.026419 0.595611
1666059879.950081 -19.049004 4.481400 -34.963937 0.026583 0.806636 -0.025520 0.589899
1666059880.050081 -19.177971 4.490895 -34.930133 0.027430 0.808929 -0.024252 0.586766
1666059880.150081 -19.321429 4.494568 -34.892557 0.026163 0.812256 -0.020956 0.582337
1666059880.250081 -19.459174 4.494176 -34.854337 0.027231 0.817285 -0.020894 0.575210
1666059880.350080 -19.593048 4.507240 -34.815466 0.027585 0.821030 -0.019471 0.569886
1666059880.450081 -19.734909 4.510233 -34.769623 0.027650 0.825447 -0.019512 0.563464
1666059880.550081 -19.870407 4.518538 -34.721100 0.025688 0.829023 -0.019789 0.558274
1666059880.650081 -20.018912 4.527799 -34.660352 0.026949 0.832906 -0.020191 0.552390
1666059880.750081 -20.152157 4.537716 -34.617042 0.028000 0.835132 -0.017046 0.549072
1666059880.850080 -20.299791 4.543710 -34.555215 0.029618 0.838766 -0.018277 0.543378
1666059880.950081 -20.439061 4.554236 -34.487194 0.027174 0.841500 -0.020448 0.539185
1666059881.050081 -20.574162 4.561096 -34.429034 0.027272 0.844508 -0.020392 0.534459
1666059881.150081 -20.722238 4.567944 -34.362221 0.029857 0.846273 -0.020149 0.531530
1666059881.250081 -20.860802 4.569443 -34.287990 0.029003 0.847288 -0.019791 0.529972
1666059881.350080 -20.992016 4.578417 -34.213732 0.025402 0.849136 -0.019764 0.527193
1666059881.450081 -21.139583 4.579497 -34.147087 0.024377 0.850446 -0.016191 0.525247
1666059881.550081 -21.280981 4.586215 -34.078768 0.026064 0.853869 -0.016048 0.519588
1666059881.650081 -21.417435 4.594170 -34.003715 0.025716 0.858154 -0.018266 0.512423
1666059881.750081 -21.543770 4.598635 -33.931594 0.027316 0.866716 -0.017723 0.497738
1666059881.850084 -21.664377 4.605563 -33.860140 0.026618 0.874993 -0.016551 0.483120
1666059881.950089 -21.789700 4.603183 -33.784344 0.027641 0.877975 -0.016907 0.477608
1666059882.050094 -21.922898 4.604381 -33.720636 0.032007 0.879366 -0.014020 0.474863
1666059882.150098 -22.037843 4.605372 -33.645326 0.025744 0.882287 -0.010165 0.469897
1666059882.250101 -22.164741 4.602747 -33.568634 0.027456 0.883899 -0.010634 0.466750
1666059882.350103 -22.298780 4.605891 -33.480132 0.029703 0.885213 -0.012804 0.464059
1666059882.450105 -22.436801 4.609404 -33.379448 0.028925 0.885345 -0.015599 0.463772
1666059882.550107 -22.565858 4.614845 -33.295685 0.031785 0.885783 -0.015641 0.462745
1666059882.650109 -22.696848 4.618523 -33.211705 0.033582 0.886000 -0.016555 0.462171
1666059882.750110 -22.822562 4.620599 -33.123465 0.029753 0.885937 -0.016001 0.462573
1666059882.850111 -22.938154 4.628666 -33.038441 0.027477 0.885894 -0.017406 0.462747
1666059882.950113 -23.059102 4.634652 -32.957660 0.027948 0.885713 -0.014940 0.463150
1666059883.050113 -23.181903 4.637367 -32.876341 0.028846 0.885374 -0.011623 0.463838
1666059883.150115 -23.304314 4.638397 -32.794335 0.028194 0.885233 -0.011117 0.464160
1666059883.250116 -23.424800 4.640405 -32.702442 0.023140 0.885509 -0.009477 0.463950
1666059883.350116 -23.564225 4.639828 -32.609406 0.023716 0.884891 -0.011527 0.465051
1666059883.450118 -23.710844 4.637625 -32.523350 0.026969 0.885332 -0.011421 0.464037
1666059883.550118 -23.838546 4.643147 -32.436864 0.028257 0.885845 -0.012529 0.462951
1666059883.650119 -23.965981 4.650656 -32.347494 0.026150 0.885785 -0.012154 0.463199
1666059883.750119 -24.102657 4.651075 -32.256222 0.025422 0.885668 -0.012775 0.463446
1666059883.850120 -24.222279 4.654859 -32.179623 0.025500 0.885770 -0.012119 0.463265
1666059883.950120 -24.357512 4.656189 -32.083976 0.025383 0.885800 -0.011881 0.463220
1666059884.050120 -24.482135 4.661945 -31.995829 0.025803 0.886140 -0.013446 0.462503
1666059884.150120 -24.608577 4.673022 -31.899898 0.024483 0.886097 -0.013573 0.462653
1666059884.250120 -24.731776 4.674407 -31.808658 0.024004 0.886425 -0.013001 0.462066
1666059884.350120 -24.868729 4.679303 -31.723881 0.024327 0.886540 -0.012125 0.461853
1666059884.450120 -24.988612 4.688674 -31.636381 0.023793 0.886792 -0.011434 0.461414
1666059884.550120 -25.114377 4.690872 -31.549957 0.022526 0.886925 -0.011076 0.461232
1666059884.650120 -25.240118 4.694067 -31.460263 0.021512 0.886852 -0.010147 0.461441
1666059884.750120 -25.371675 4.695669 -31.378707 0.024538 0.886790 -0.010314 0.461405
1666059884.850120 -25.499177 4.698265 -31.290969 0.023716 0.887103 -0.010148 0.460850
1666059884.950120 -25.632342 4.704893 -31.194292 0.022162 0.887230 -0.012776 0.460618
1666059885.050120 -25.766311 4.712738 -31.104363 0.022235 0.887313 -0.012560 0.460460
1666059885.150120 -25.901853 4.716301 -31.020203 0.025073 0.887561 -0.010542 0.459887
1666059885.250120 -26.029005 4.719091 -30.932706 0.024415 0.887753 -0.009738 0.459570
1666059885.350120 -26.156134 4.721427 -30.843825 0.022693 0.887940 -0.009764 0.459296
1666059885.450120 -26.279580 4.727143 -30.754578 0.021694 0.887951 -0.010698 0.459302
1666059885.550120 -26.408197 4.728202 -30.679672 0.021735 0.887684 -0.005828 0.459904
1666059885.650120 -26.543567 4.728701 -30.593839 0.023203 0.887912 -0.005294 0.459398
1666059885.750120 -26.663262 4.733527 -30.509011 0.021514 0.888119 -0.005943 0.459072
1666059885.850120 -26.810330 4.727161 -30.413436 0.020908 0.889078 -0.007538 0.457215
1666059885.950120 -26.936173 4.732686 -30.332885 0.020663 0.890000 -0.007737 0.455427
1666059886.050120 -27.070807 4.732967 -30.243076 0.021703 0.890391 -0.004367 0.454658
1666059886.150120 -27.205949 4.736033 -30.156809 0.023689 0.894784 -0.007770 0.445802
1666059886.250120 -27.348477 4.729193 -30.052303 0.021619 0.901012 -0.008101 0.433180
1666059886.350120 -27.476677 4.727226 -29.956754 0.020533 0.904112 -0.008780 0.426711
1666059886.450120 -27.587334 4.733523 -29.877634 0.022343 0.907250 -0.005720 0.419960
1666059886.550120 -27.695794 4.752195 -29.772320 0.020895 0.909688 -0.003796 0.414748
1666059886.650129 -27.812406 4.739331 -29.667290 0.018866 0.912893 -0.000959 0.407762
1666059886.750136 -27.932988 4.740896 -29.558838 0.018415 0.913502 0.000719 0.406417
1666059886.850142 -28.060564 4.741705 -29.445249 0.019458 0.914043 -0.001674 0.405146
1666059886.950148 -28.175614 4.755699 -29.330945 0.020621 0.915004 -0.005339 0.402881
1666059887.050152 -28.277441 4.760187 -29.218684 0.020340 0.916389 -0.006405 0.399720
1666059887.150156 -28.400616 4.765285 -29.110018 0.021485 0.917020 -0.005639 0.398223
1666059887.250158 -28.516740 4.770526 -28.995027 0.022066 0.917534 -0.002606 0.397035
1666059887.350158 -28.654004 4.789617 -28.890127 0.021047 0.918046 -0.003130 0.395902
1666059887.450158 -28.769050 4.818102 -28.814406 0.022258 0.918224 -0.003270 0.395423
1666059887.550158 -28.912729 4.812717 -28.710306 0.023773 0.918202 -0.002853 0.395387
1666059887.650156 -29.032878 4.800881 -28.596499 0.023700 0.918734 -0.003947 0.394146
1666059887.750156 -29.141694 4.806896 -28.449732 0.022719 0.919782 -0.003765 0.391754
1666059887.850155 -29.238358 4.823383 -28.371102 0.023532 0.919665 -0.003172 0.391985
1666059887.950155 -29.349893 4.829138 -28.259655 0.024944 0.920300 -0.001502 0.390414
1666059888.050154 -29.455472 4.829304 -28.154576 0.023420 0.920829 -0.001028 0.389261
1666059888.150156 -29.562369 4.835687 -28.042081 0.021595 0.921326 -0.001004 0.388189
1666059888.250157 -29.679542 4.836189 -27.925989 0.021787 0.922294 -0.001487 0.385873
1666059888.350158 -29.792476 4.841301 -27.815901 0.023461 0.923617 -0.002565 0.382590
1666059888.450160 -29.901560 4.842708 -27.702645 0.022387 0.926944 -0.003720 0.374513
1666059888.550163 -29.998878 4.850660 -27.609400 0.026239 0.930111 -0.002393 0.366333
1666059888.650164 -30.116480 4.841543 -27.493502 0.024421 0.933110 -0.000532 0.358761
1666059888.750164 -30.210826 4.844254 -27.385131 0.023380 0.936052 -0.000227 0.351083
1666059888.850163 -30.300769 4.851815 -27.279122 0.021196 0.938982 0.001324 0.343311
1666059888.950164 -30.399447 4.870087 -27.179016 0.022334 0.940131 0.001719 0.340076
1666059889.050166 -30.469521 4.873730 -27.080196 0.024974 0.942177 0.001075 0.334181
1666059889.150177 -30.547495 4.874577 -26.964876 0.023996 0.943829 0.000999 0.329561
1666059889.250189 -30.646591 4.876430 -26.850788 0.025573 0.944391 0.001622 0.327824
1666059889.350199 -30.737682 4.881435 -26.753349 0.026443 0.945437 0.001064 0.324728
1666059889.450207 -30.826176 4.883096 -26.629064 0.023953 0.946078 0.001479 0.323049
1666059889.550215 -30.920860 4.887968 -26.508234 0.023141 0.946610 0.002566 0.321540
1666059889.650222 -31.014298 4.889209 -26.386795 0.023989 0.947038 0.005123 0.320183
1666059889.750227 -31.123460 4.887670 -26.259924 0.023365 0.947312 0.004697 0.319424
1666059889.850232 -31.214044 4.890539 -26.156839 0.020402 0.948025 0.004634 0.317506
1666059889.950236 -31.308641 4.887663 -26.028351 0.021794 0.948573 0.004752 0.315771
1666059890.050238 -31.402917 4.886812 -25.898164 0.022870 0.949405 0.006278 0.313158
1666059890.150241 -31.494071 4.887423 -25.768682 0.021368 0.950210 0.005164 0.310833
1666059890.250242 -31.582091 4.886451 -25.640370 0.020045 0.952819 0.002934 0.302863
1666059890.350245 -31.673180 4.882144 -25.521167 0.021757 0.952858 0.005836 0.302579
1666059890.450248 -31.770176 4.885029 -25.399631 0.025363 0.953608 0.003414 0.299961
1666059890.550249 -31.854200 4.884105 -25.265688 0.022863 0.953679 0.001483 0.299952
1666059890.650250 -31.937801 4.886806 -25.142794 0.022478 0.954571 -0.001801 0.297130
1666059890.750249 -32.021759 4.886657 -25.029786 0.024111 0.955082 0.001114 0.295358
1666059890.850248 -32.100578 4.888935 -24.906811 0.023555 0.955147 0.001493 0.295189
1666059890.950246 -32.183791 4.890278 -24.784961 0.023898 0.955864 0.000609 0.292834
1666059891.050242 -32.283067 4.890152 -24.647821 0.025357 0.956047 0.000861 0.292115
1666059891.150242 -32.370413 4.888448 -24.511795 0.026949 0.956272 0.001189 0.291233
1666059891.250242 -32.422456 4.915004 -24.390649 0.026741 0.957066 0.000980 0.288633
1666059891.350242 -32.532977 4.917357 -24.250942 0.024468 0.957026 0.000286 0.288970
1666059891.450242 -32.630024 4.903415 -24.113005 0.026435 0.957291 -0.001245 0.287913
1666059891.550242 -32.724897 4.953607 -23.993867 0.030845 0.957105 -0.001874 0.288087
1666059891.650242 -32.836914 4.962671 -23.879280 0.032469 0.956941 -0.001946 0.288456
1666059891.750242 -32.949588 4.956986 -23.752620 0.031871 0.957033 -0.001597 0.288217
1666059891.850242 -33.069672 4.940584 -23.618977 0.029358 0.956920 0.000514 0.288862
1666059891.950242 -33.152393 4.929689 -23.465121 0.030150 0.957487 0.001063 0.286893
1666059892.050242 -33.298821 4.947286 -23.348814 0.031404 0.957104 0.000097 0.288039
1666059892.150242 -33.434724 5.001835 -23.255850 0.033029 0.956836 -0.000298 0.288747
1666059892.250242 -33.550061 4.992809 -23.129034 0.032441 0.956747 -0.000891 0.289107
1666059892.350242 -33.671138 5.032600 -23.003405 0.033264 0.956634 -0.003118 0.289370
1666059892.450242 -33.762990 5.067963 -22.862242 0.035699 0.956383 -0.004156 0.289897
1666059892.550242 -33.830432 5.099162 -22.726066 0.038390 0.956786 -0.005113 0.288204
1666059892.650242 -33.899208 5.157064 -22.590019 0.039591 0.956988 -0.008447 0.287290
1666059892.750242 -33.972227 5.169309 -22.458841 0.039378 0.957263 -0.009189 0.286380
1666059892.850242 -34.093927 5.167184 -22.336958 0.039788 0.957281 -0.007826 0.286301
1666059892.950242 -34.212643 5.158580 -22.217716 0.039993 0.957105 -0.006593 0.286892
1666059893.050242 -34.324256 5.165864 -22.080652 0.040124 0.957229 -0.007256 0.286445
1666059893.150242 -34.412845 5.144317 -21.950350 0.039296 0.957360 -0.005785 0.286153
1666059893.250242 -34.496176 5.142317 -21.799785 0.039147 0.957994 -0.004978 0.284059
1666059893.350245 -34.638112 5.134644 -21.661165 0.038263 0.957863 -0.004565 0.284630
1666059893.450264 -34.739804 5.167365 -21.529810 0.039408 0.958018 -0.006587 0.283909
1666059893.550281 -34.833603 5.173813 -21.395248 0.040072 0.958247 -0.005965 0.283057
1666059893.650297 -34.948971 5.175003 -21.271958 0.039272 0.957834 -0.003150 0.284607
1666059893.750311 -35.080823 5.145787 -21.142082 0.038307 0.957916 -0.000701 0.284481
1666059893.850323 -35.191791 5.164500 -21.031423 0.037519 0.957384 -0.000363 0.286371
1666059893.950335 -35.281185 5.168072 -20.882918 0.036807 0.958293 -0.001605 0.283403
1666059894.050343 -35.378202 5.184458 -20.755161 0.038937 0.959895 -0.001832 0.277635
1666059894.150350 -35.454774 5.201863 -20.626027 0.037672 0.962740 -0.002603 0.267778
1666059894.250355 -35.554891 5.214383 -20.497210 0.037717 0.964169 -0.001259 0.262591
1666059894.350360 -35.668722 5.207056 -20.374463 0.033518 0.966069 0.000304 0.256100
1666059894.450364 -35.759869 5.203457 -20.232657 0.037950 0.967584 -0.002272 0.249672
1666059894.550367 -35.835258 5.226450 -20.094325 0.037855 0.968638 -0.001441 0.245573
1666059894.650370 -35.927061 5.230960 -19.949284 0.035283 0.969342 -0.001377 0.243166
1666059894.750371 -36.018629 5.221013 -19.796480 0.033593 0.969891 -0.002240 0.241202
1666059894.850372 -36.097653 5.211530 -19.650066 0.033759 0.970559 0.001341 0.238482
1666059894.950372 -36.162062 5.201582 -19.500047 0.035633 0.971526 0.000138 0.234240
1666059895.050370 -36.243641 5.215038 -19.369050 0.035255 0.971715 -0.000542 0.233510
1666059895.150369 -36.331293 5.208966 -19.225208 0.032968 0.973094 -0.000307 0.228036
1666059895.250366 -36.396446 5.208067 -19.082994 0.034655 0.974040 0.001189 0.223705
1666059895.350362 -36.485880 5.194304 -18.918385 0.033486 0.974643 0.001915 0.221237
1666059895.450362 -36.533558 5.176358 -18.769429 0.029935 0.976496 0.002124 0.213436
1666059895.550362 -36.604955 5.167593 -18.620878 0.028661 0.977921 0.005038 0.206938
1666059895.650362 -36.679036 5.149851 -18.467191 0.029627 0.978921 0.007207 0.201951
1666059895.750362 -36.752594 5.137684 -18.318411 0.029107 0.980177 0.008093 0.195806
1666059895.850362 -36.799298 5.130100 -18.169515 0.027093 0.981580 0.005862 0.189032
1666059895.950362 -36.860833 5.140757 -18.033562 0.030156 0.982895 0.005118 0.181612
1666059896.050362 -36.912790 5.134780 -17.889808 0.031163 0.983596 0.005369 0.177589
1666059896.150362 -36.975536 5.131567 -17.739311 0.030349 0.984431 0.006414 0.173014
1666059896.250362 -37.022661 5.135469 -17.606602 0.029289 0.984853 0.007334 0.170742
1666059896.350362 -37.081492 5.120757 -17.456638 0.030336 0.985030 0.010141 0.169388
1666059896.450362 -37.144647 5.116601 -17.312315 0.032844 0.985279 0.010338 0.167453
1666059896.550362 -37.177408 5.129484 -17.184850 0.032757 0.985649 0.007129 0.165444
1666059896.650362 -37.218626 5.136051 -17.052632 0.033514 0.986285 0.004505 0.161550
1666059896.750362 -37.265843 5.129625 -16.916451 0.034471 0.986419 0.003309 0.160558
1666059896.850362 -37.316974 5.135464 -16.793117 0.035560 0.986609 0.001537 0.159171
1666059896.950362 -37.363817 5.139019 -16.655129 0.035694 0.986970 -0.000582 0.156895
1666059897.050344 -37.418126 5.148265 -16.535055 0.034804 0.987038 0.000063 0.156670
1666059897.150326 -37.467441 5.151094 -16.395414 0.035527 0.987303 -0.000268 0.154823
1666059897.250309 -37.520653 5.145749 -16.254144 0.035347 0.987396 0.002280 0.154258
1666059897.350293 -37.566566 5.142912 -16.107444 0.033626 0.988375 0.003106 0.148236
1666059897.450278 -37.614945 5.142798 -15.971533 0.034342 0.989771 0.002868 0.138443
1666059897.550263 -37.651089 5.148922 -15.839113 0.036515 0.991401 0.001641 0.125650
1666059897.650249 -37.680892 5.142149 -15.688032 0.035328 0.993053 0.000845 0.112236
1666059897.750237 -37.716453 5.131268 -15.524859 0.036999 0.994313 -0.000425 0.099867
1666059897.850227 -37.744273 5.139368 -15.378550 0.039084 0.995644 -0.000290 0.084647
1666059897.950220 -37.768442 5.138274 -15.226148 0.040869 0.996726 0.000483 0.069758
1666059898.050213 -37.767790 5.126099 -15.085546 0.035213 0.997923 -0.007067 0.053481
1666059898.150206 -37.775364 5.120208 -14.914792 0.037347 0.997977 -0.026627 0.044027
1666059898.250200 -37.799224 5.153434 -14.787069 0.049233 0.998243 -0.017242 0.028110
1666059898.350196 -37.785462 5.166771 -14.663973 0.045633 0.998826 -0.008485 0.013863
1666059898.450194 -37.772971 5.173234 -14.529768 0.041319 0.999110 -0.000547 0.008475
1666059898.550195 -37.758875 5.178424 -14.416829 0.037715 0.999168 0.015500 -0.000516
1666059898.650197 -37.750730 5.173690 -14.299148 0.038640 0.998594 0.034514 -0.011172
1666059898.750200 -37.766614 5.164143 -14.160894 0.047224 0.998262 0.030270 -0.018076
1666059898.850202 -37.766883 5.151948 -14.014981 0.046024 0.998044 0.026412 -0.033042
1666059898.950203 -37.768158 5.152829 -13.894124 0.043687 0.997845 0.027359 -0.040600
1666059899.050204 -37.771331 5.143190 -13.754969 0.045307 0.997480 0.024422 -0.048838
1666059899.150204 -37.772647 5.139292 -13.626319 0.044488 0.996848 0.025950 -0.060350
1666059899.250204 -37.757142 5.129405 -13.482786 0.045503 0.996181 0.023420 -0.070736
1666059899.350204 -37.750193 5.133735 -13.361469 0.047314 0.994206 0.023826 -0.093531
1666059899.450204 -37.725891 5.138682 -13.260053 0.043210 0.992608 0.024718 -0.110689
1666059899.550204 -37.716721 5.131742 -13.158763 0.043730 0.990470 0.025745 -0.128037
1666059899.650204 -37.699487 5.133181 -13.069282 0.042455 0.988264 0.026308 -0.144357
1666059899.750204 -37.681537 5.130370 -12.969620 0.042058 0.986503 0.027709 -0.155805
1666059899.850204 -37.676624 5.123478 -12.866702 0.048727 0.983815 0.027061 -0.170297
1666059899.950204 -37.647334 5.123196 -12.767654 0.045618 0.981349 0.027301 -0.184738
1666059900.050204 -37.616615 5.119546 -12.674232 0.044321 0.977032 0.026429 -0.206751
1666059900.150204 -37.594525 5.118146 -12.589895 0.045027 0.971925 0.023232 -0.229770
1666059900.250204 -37.551383 5.115876 -12.521515 0.043718 0.966254 0.025442 -0.252575
1666059900.350204 -37.519632 5.115584 -12.453208 0.044523 0.962801 0.028039 -0.265038
1666059900.450204 -37.488682 5.113288 -12.375637 0.045193 0.958618 0.028583 -0.279630
1666059900.550204 -37.438884 5.103836 -12.292982 0.043921 0.953490 0.032691 -0.296410
1666059900.650204 -37.389555 5.090871 -12.200576 0.042301 0.947339 0.031993 -0.315810
1666059900.750204 -37.328414 5.082077 -12.110387 0.042631 0.938692 0.028890 -0.340889
1666059900.850204 -37.235896 5.061043 -12.035658 0.041225 0.926857 0.031475 -0.371814
1666059900.950204 -37.177831 5.056708 -11.984311 0.038818 0.916024 0.031209 -0.398018
1666059901.050204 -37.111126 5.048903 -11.939715 0.038484 0.904726 0.031924 -0.423050
1666059901.150204 -37.055173 5.046508 -11.906316 0.038377 0.894602 0.033630 -0.443941
1666059901.250204 -37.003323 5.048865 -11.876183 0.035743 0.884957 0.036886 -0.462831
1666059901.350204 -36.930958 5.035672 -11.818565 0.037541 0.878003 0.035239 -0.475878
1666059901.450204 -36.840921 5.024374 -11.773414 0.040252 0.866686 0.036895 -0.495856
1666059901.550204 -36.732668 5.008612 -11.725909 -0.039652 -0.860226 -0.041034 0.506711
1666059901.650204 -36.622753 4.995806 -11.665108 -0.039808 -0.850243 -0.038894 0.523440
1666059901.750204 -36.494535 4.972966 -11.614574 -0.036122 -0.843781 -0.041032 0.533896
1666059901.850204 -36.371479 4.956408 -11.554547 -0.035029 -0.838438 -0.039471 0.542436
1666059901.950204 -36.242447 4.937264 -11.502043 -0.034680 -0.829520 -0.037827 0.556114
1666059902.050204 -36.115243 4.921482 -11.465551 -0.032693 -0.820354 -0.043826 0.569235
1666059902.150204 -35.973964 4.894670 -11.414124 -0.034998 -0.817605 -0.042598 0.573134
1666059902.250204 -35.828033 4.869109 -11.363648 -0.035592 -0.813765 -0.040715 0.578672
1666059902.350204 -35.682770 4.853003 -11.319484 -0.034461 -0.811024 -0.039891 0.582632
1666059902.450204 -35.546233 4.850630 -11.257979 -0.033533 -0.809683 -0.042040 0.584399
1666059902.550204 -35.411845 4.832238 -11.220135 -0.034716 -0.808260 -0.043449 0.586194
1666059902.650204 -35.282047 4.818132 -11.179940 -0.035674 -0.807669 -0.043635 0.586937
1666059902.750204 -35.150583 4.805417 -11.138267 -0.035901 -0.806197 -0.043505 0.588953
1666059902.850204 -35.010299 4.788199 -11.096604 -0.033543 -0.804621 -0.042477 0.591316
1666059902.950204 -34.877277 4.771553 -11.043331 -0.030670 -0.798631 -0.040476 0.599674
1666059903.050204 -34.738964 4.778799 -11.015679 -0.029084 -0.793850 -0.045371 0.605721
1666059903.150204 -34.606112 4.755312 -10.981819 -0.034263 -0.791534 -0.045124 0.608493
1666059903.250204 -34.461473 4.732438 -10.947794 -0.036733 -0.788842 -0.045493 0.611808
1666059903.350204 -34.317053 4.710238 -10.916541 -0.035517 -0.787155 -0.045039 0.614083
1666059903.450204 -34.170304 4.687782 -10.885779 -0.033027 -0.786066 -0.044011 0.615689
1666059903.550204 -34.025759 4.666471 -10.857672 -0.032499 -0.785016 -0.043264 0.617108
1666059903.650204 -33.887738 4.645903 -10.830999 -0.034256 -0.783264 -0.043503 0.619218
1666059903.750204 -33.754496 4.632943 -10.805455 -0.034240 -0.782296 -0.044201 0.620392
1666059903.850204 -33.617073 4.618850 -10.777301 -0.033579 -0.780599 -0.044574 0.622536
1666059903.950204 -33.463889 4.597955 -10.744437 -0.032975 -0.780042 -0.043608 0.623334
1666059904.050204 -33.312605 4.582307 -10.712406 -0.032711 -0.779828 -0.042657 0.623681
1666059904.150204 -33.141883 4.548398 -10.691468 -0.031896 -0.777765 -0.041479 0.626373
1666059904.250204 -32.984831 4.521783 -10.664412 -0.032764 -0.777218 -0.043559 0.626866
1666059904.350204 -32.848560 4.501028 -10.640481 -0.033278 -0.776507 -0.043841 0.627700
1666059904.450204 -32.688579 4.473278 -10.615085 -0.035326 -0.774611 -0.044513 0.629880
1666059904.550204 -32.520726 4.498949 -10.568362 -0.034760 -0.773746 -0.043678 0.631031
1666059904.650204 -32.356481 4.518879 -10.536273 -0.032151 -0.773955 -0.041357 0.631071
1666059904.750204 -32.186444 4.497298 -10.517955 -0.029559 -0.773199 -0.041012 0.632145
1666059904.850204 -32.021410 4.479119 -10.488995 -0.030853 -0.772685 -0.042164 0.632635
1666059904.950204 -31.853746 4.472441 -10.447191 -0.031234 -0.772170 -0.040766 0.633337
1666059905.050204 -31.698707 4.445073 -10.418669 -0.030334 -0.771420 -0.041783 0.634228
1666059905.150204 -31.534652 4.433309 -10.391477 -0.030583 -0.770747 -0.041949 0.635023
1666059905.250204 -31.377486 4.424736 -10.365552 -0.030565 -0.769798 -0.041599 0.636197
1666059905.350204 -31.215785 4.403655 -10.348943 -0.029698 -0.769134 -0.042365 0.636989
1666059905.450204 -31.068559 4.393510 -10.315577 -0.029207 -0.768654 -0.041818 0.637628
1666059905.550204 -30.911762 4.412309 -10.279260 -0.028587 -0.768712 -0.041297 0.637620
1666059905.650204 -30.734034 4.392968 -10.246167 -0.030396 -0.769344 -0.042418 0.636700
1666059905.750204 -30.573696 4.379644 -10.218039 -0.030177 -0.769124 -0.043624 0.636895
1666059905.850204 -30.400814 4.360479 -10.201389 -0.030845 -0.769488 -0.044180 0.636385
1666059905.950204 -30.229452 4.337186 -10.168287 -0.032289 -0.770297 -0.043948 0.635349
1666059906.050204 -30.047785 4.309656 -10.137220 -0.029236 -0.771324 -0.042900 0.634322
1666059906.150204 -29.877589 4.296405 -10.116030 -0.027484 -0.773583 -0.041468 0.631739
1666059906.250204 -29.721764 4.294503 -10.063964 -0.028767 -0.774727 -0.041102 0.630302
1666059906.350204 -29.561086 4.282341 -9.998061 -0.030126 -0.775813 -0.041782 0.628857
1666059906.450204 -29.391544 4.266190 -9.974921 -0.031410 -0.776306 -0.043121 0.628095
1666059906.550204 -29.239176 4.257639 -9.933577 -0.031905 -0.776795 -0.043124 0.627465
1666059906.650204 -29.073688 4.248834 -9.895990 -0.031306 -0.777695 -0.041789 0.626469
1666059906.750204 -28.905198 4.243694 -9.856880 -0.027490 -0.781235 -0.038724 0.622428
1666059906.850204 -28.737771 4.212687 -9.812211 -0.028884 -0.787044 -0.037475 0.615080
1666059906.950204 -28.561654 4.188980 -9.796874 -0.030398 -0.787043 -0.039728 0.614866
1666059907.050204 -28.400439 4.187404 -9.740644 -0.029884 -0.789787 -0.039531 0.611376
1666059907.150204 -28.230583 4.185146 -9.697652 -0.030664 -0.790635 -0.038732 0.610291
1666059907.250204 -28.069582 4.178913 -9.647582 -0.031358 -0.790940 -0.038008 0.609907
1666059907.350204 -27.913663 4.168034 -9.601172 -0.029404 -0.791423 -0.037594 0.609403
1666059907.450204 -27.737462 4.138724 -9.556726 -0.028822 -0.792403 -0.038415 0.608104
1666059907.550204 -27.583914 4.129281 -9.510964 -0.028544 -0.792565 -0.038482 0.607902
1666059907.650204 -27.423501 4.103665 -9.476754 -0.028994 -0.793082 -0.038126 0.607228
1666059907.750204 -27.254828 4.092351 -9.436929 -0.029658 -0.793089 -0.038904 0.607139
1666059907.850204 -27.079794 4.093089 -9.380546 -0.029916 -0.794338 -0.038561 0.605513
1666059907.950204 -26.890365 4.080555 -9.401859 -0.031342 -0.792726 -0.037009 0.607646
1666059908.050204 -26.714082 4.092659 -9.351520 -0.030308 -0.792612 -0.036303 0.607889
1666059908.150204 -26.544263 4.063736 -9.320747 -0.029545 -0.792670 -0.037063 0.607806
1666059908.250204 -26.384677 4.055063 -9.283656 -0.029289 -0.791916 -0.038527 0.608709
1666059908.350204 -26.203642 4.034361 -9.229436 -0.029683 -0.792424 -0.037910 0.608068
1666059908.450204 -26.034266 4.057658 -9.187615 -0.029039 -0.792253 -0.036823 0.608388
1666059908.550204 -25.866115 4.038217 -9.128910 -0.029595 -0.792842 -0.037904 0.607527
1666059908.650204 -25.704668 4.042979 -9.074378 -0.028578 -0.793366 -0.035643 0.607028
1666059908.750204 -25.543449 4.035100 -9.010373 -0.028267 -0.794274 -0.035973 0.605835
1666059908.850204 -25.384179 4.031790 -8.945265 -0.026603 -0.795388 -0.034367 0.604540
1666059908.950204 -25.207551 4.023696 -8.905457 -0.026116 -0.795088 -0.033270 0.605017
1666059909.050204 -25.040169 4.008947 -8.855255 -0.025125 -0.795024 -0.032778 0.605171
1666059909.150204 -24.867965 4.010408 -8.801433 -0.023858 -0.795045 -0.033051 0.605180
1666059909.250204 -24.707929 3.991534 -8.747632 -0.025435 -0.795159 -0.034464 0.604886
1666059909.350204 -24.541973 4.002864 -8.708203 -0.025659 -0.795184 -0.032930 0.604930
1666059909.450204 -24.377653 4.004265 -8.697407 -0.026368 -0.794092 -0.033372 0.606307
1666059909.550204 -24.209897 4.005337 -8.639994 -0.023351 -0.795070 -0.032177 0.605214
1666059909.650204 -24.052611 3.999224 -8.577336 -0.023766 -0.796025 -0.032682 0.603913
1666059909.750204 -23.879568 4.016179 -8.520060 -0.022498 -0.795763 -0.029903 0.604450
1666059909.850204 -23.706415 4.061564 -8.440053 -0.020558 -0.797307 -0.030461 0.602454
1666059909.950204 -23.539205 4.058267 -8.390616 -0.021084 -0.798772 -0.031036 0.600463
1666059910.050204 -23.383880 4.053776 -8.311566 -0.020970 -0.798769 -0.029236 0.600561
1666059910.150204 -23.208183 4.065568 -8.266998 -0.019727 -0.798770 -0.028716 0.600627
1666059910.250204 -23.035628 4.050462 -8.231995 -0.018642 -0.798527 -0.029488 0.600947
1666059910.350204 -22.858332 4.058414 -8.182459 -0.016902 -0.797983 -0.029051 0.601743
1666059910.450204 -22.698887 4.053335 -8.145309 -0.017935 -0.797531 -0.029116 0.602309
1666059910.550204 -22.530464 4.094546 -8.096188 -0.016993 -0.797290 -0.027628 0.602724
1666059910.650204 -22.374758 4.087460 -8.041205 -0.017907 -0.797909 -0.029534 0.601787
1666059910.750204 -22.209866 4.077531 -8.007847 -0.017066 -0.797298 -0.028932 0.602650
1666059910.850204 -22.033003 4.072208 -7.981396 -0.017027 -0.796795 -0.028256 0.603349
1666059910.950204 -21.866914 4.044774 -7.928233 -0.016063 -0.796490 -0.029387 0.603723
1666059911.050204 -21.701113 4.011258 -7.899295 -0.016355 -0.795777 -0.030014 0.604624
1666059911.150204 -21.543951 4.018170 -7.861904 -0.015551 -0.795351 -0.027903 0.605307
1666059911.250204 -21.383779 4.004283 -7.809638 -0.015949 -0.795413 -0.027953 0.605212
1666059911.350204 -21.215981 4.032215 -7.772986 -0.015641 -0.794959 -0.027009 0.605859
1666059911.450204 -21.066450 4.012422 -7.748049 -0.016163 -0.794299 -0.026335 0.606741
1666059911.550204 -20.908653 4.003734 -7.711003 -0.016256 -0.793829 -0.027231 0.607314
1666059911.650217 -20.764743 4.017428 -7.682890 -0.014926 -0.793130 -0.026853 0.608277
1666059911.750226 -20.610255 4.010082 -7.644261 -0.015531 -0.793413 -0.027580 0.607860
1666059911.850235 -20.456255 4.016095 -7.613936 -0.015923 -0.792636 -0.026326 0.608918
1666059911.950243 -20.292230 4.009705 -7.575299 -0.015886 -0.792445 -0.025957 0.609184
1666059912.050249 -20.133640 3.995127 -7.543677 -0.016821 -0.792167 -0.027383 0.609457
1666059912.150254 -19.968236 3.983511 -7.501406 -0.016649 -0.792202 -0.026486 0.609456
1666059912.250257 -19.792946 3.955828 -7.446910 -0.017336 -0.792040 -0.026536 0.609646
1666059912.350257 -19.616868 3.942329 -7.415872 -0.016863 -0.791381 -0.026705 0.610507
1666059912.450256 -19.459660 3.922669 -7.370821 -0.017208 -0.791274 -0.026778 0.610633
1666059912.550257 -19.312615 3.930362 -7.316427 -0.016310 -0.791154 -0.025714 0.610858
1666059912.650258 -19.136011 3.912953 -7.292973 -0.016790 -0.790182 -0.026718 0.612059
1666059912.750259 -18.956725 3.902800 -7.253482 -0.017440 -0.790018 -0.027691 0.612210
1666059912.850261 -18.789362 3.908221 -7.229743 -0.017238 -0.789606 -0.026202 0.612812
1666059912.950263 -18.620757 3.900691 -7.202787 -0.017174 -0.788884 -0.026103 0.613747
1666059913.050264 -18.447332 3.884154 -7.149681 -0.017002 -0.790406 -0.026367 0.611779
1666059913.150264 -18.282727 3.867756 -7.105622 -0.017575 -0.791314 -0.027089 0.610557
1666059913.250263 -18.097098 3.851093 -7.052434 -0.014312 -0.795068 -0.023520 0.605895
1666059913.350261 -17.936197 3.849690 -6.990621 -0.016438 -0.798025 -0.023865 0.601927
1666059913.450260 -17.755391 3.840165 -6.971744 -0.018162 -0.798956 -0.024428 0.600618
1666059913.550258 -17.601704 3.853599 -6.919702 -0.016273 -0.801379 -0.023339 0.597480
1666059913.650258 -17.442627 3.859976 -6.883600 -0.015964 -0.803364 -0.022881 0.594835
1666059913.750258 -17.289814 3.840132 -6.843381 -0.015992 -0.804720 -0.022975 0.592994
1666059913.850258 -17.134939 3.823729 -6.784800 -0.015936 -0.805088 -0.023053 0.592493
1666059913.950258 -16.967027 3.803978 -6.733639 -0.015042 -0.805891 -0.022632 0.591440
1666059914.050258 -16.812541 3.792790 -6.687257 -0.016634 -0.807091 -0.023180 0.589738
1666059914.150258 -16.657766 3.773870 -6.631510 -0.019060 -0.807738 -0.023755 0.588754
1666059914.250258 -16.493728 3.746143 -6.578658 -0.019559 -0.808653 -0.024231 0.587461
1666059914.350258 -16.335039 3.767582 -6.552274 -0.018739 -0.808273 -0.022907 0.588064
1666059914.450258 -16.175753 3.751694 -6.501775 -0.019149 -0.808483 -0.022842 0.587765
1666059914.550258 -16.007661 3.731564 -6.451464 -0.019566 -0.808269 -0.022867 0.588044
1666059914.650258 -15.839098 3.716610 -6.395980 -0.018660 -0.808912 -0.022243 0.587212
1666059914.750245 -15.688128 3.706697 -6.335650 -0.019139 -0.809018 -0.021754 0.587069
1666059914.850234 -15.528837 3.696239 -6.282730 -0.019823 -0.809011 -0.021099 0.587080
1666059914.950226 -15.363826 3.667617 -6.238707 -0.020088 -0.808824 -0.021313 0.587321
1666059915.050217 -15.206215 3.658818 -6.180316 -0.020359 -0.808805 -0.020734 0.587358
1666059915.150211 -15.049789 3.645643 -6.122354 -0.020779 -0.809864 -0.020539 0.585889
1666059915.250206 -14.887158 3.641013 -6.072334 -0.021129 -0.809739 -0.020906 0.586037
1666059915.350201 -14.723809 3.614838 -6.058569 -0.021390 -0.808743 -0.021285 0.587387
1666059915.450196 -14.569053 3.600211 -6.011205 -0.022635 -0.808489 -0.022302 0.587653
1666059915.550192 -14.402268 3.594039 -5.974965 -0.022608 -0.808054 -0.022280 0.588253
1666059915.650190 -14.232756 3.567765 -5.927482 -0.022774 -0.808098 -0.020802 0.588240
1666059915.750187 -14.066703 3.554905 -5.895615 -0.023681 -0.807324 -0.020109 0.589290
1666059915.850186 -13.905287 3.556189 -5.841057 -0.022366 -0.808461 -0.018829 0.587822
1666059915.950185 -13.749457 3.550589 -5.807651 -0.022009 -0.807068 -0.018389 0.589761
1666059916.050184 -13.589546 3.529926 -5.762744 -0.022449 -0.807941 -0.018474 0.588546
1666059916.150182 -13.425440 3.506015 -5.717015 -0.025346 -0.807322 -0.019015 0.589259
1666059916.250181 -13.270235 3.489252 -5.672318 -0.025911 -0.807035 -0.018718 0.589638
1666059916.350178 -13.104435 3.461337 -5.646045 -0.026749 -0.806635 -0.018701 0.590148
1666059916.450175 -12.948285 3.451102 -5.601662 -0.027615 -0.806275 -0.017987 0.590622
1666059916.550173 -12.784180 3.431833 -5.568320 -0.028166 -0.805890 -0.017660 0.591131
1666059916.650169 -12.619988 3.414912 -5.528523 -0.028480 -0.805480 -0.018323 0.591655
1666059916.750168 -12.457071 3.405375 -5.490628 -0.027847 -0.805183 -0.017327 0.592119
1666059916.850168 -12.288710 3.387421 -5.444519 -0.029554 -0.804777 -0.018161 0.592563
1666059916.950168 -12.137568 3.362686 -5.393849 -0.030651 -0.804692 -0.017933 0.592629
1666059917.050168 -11.985149 3.356234 -5.346704 -0.028970 -0.804928 -0.017176 0.592416
1666059917.150168 -11.830339 3.336933 -5.302171 -0.030740 -0.804617 -0.017423 0.592742
1666059917.250168 -11.677339 3.322418 -5.263742 -0.030945 -0.804308 -0.017238 0.593155
1666059917.350168 -11.523522 3.300659 -5.218552 -0.031438 -0.804112 -0.017402 0.593391
1666059917.450168 -11.371226 3.284354 -5.184379 -0.032211 -0.803825 -0.017175 0.593745
1666059917.550168 -11.219957 3.271760 -5.135619 -0.033758 -0.803721 -0.017564 0.593788
1666059917.650168 -11.072090 3.263538 -5.094392 -0.034413 -0.803357 -0.016897 0.594262
1666059917.750168 -10.918813 3.258506 -5.056861 -0.033102 -0.803002 -0.016305 0.594833
1666059917.850168 -10.774291 3.245737 -5.015174 -0.034257 -0.802882 -0.016975 0.594911
1666059917.950168 -10.620384 3.227710 -4.975223 -0.033975 -0.802721 -0.017233 0.595137
1666059918.050168 -10.461794 3.216124 -4.934808 -0.033208 -0.802323 -0.017560 0.595707
1666059918.150168 -10.290600 3.196955 -4.901146 -0.032877 -0.801668 -0.017449 0.596609
1666059918.250168 -10.137402 3.188853 -4.858537 -0.033244 -0.801090 -0.018065 0.597347
1666059918.350168 -9.987210 3.181866 -4.818913 -0.033644 -0.800610 -0.018248 0.597962
1666059918.450168 -9.833398 3.171367 -4.777441 -0.032861 -0.800430 -0.017200 0.598277
1666059918.550168 -9.666864 3.146820 -4.741857 -0.034287 -0.799401 -0.018824 0.599524
1666059918.650168 -9.512536 3.136358 -4.694758 -0.033747 -0.799882 -0.017808 0.598943
1666059918.750168 -9.349667 3.121750 -4.666540 -0.033308 -0.798596 -0.019223 0.600637
1666059918.850168 -9.191819 3.113774 -4.623376 -0.033370 -0.798496 -0.019052 0.600772
1666059918.950168 -9.047076 3.107359 -4.572595 -0.033275 -0.798370 -0.018694 0.600957
1666059919.050168 -8.888935 3.087527 -4.524032 -0.035440 -0.798690 -0.019344 0.600386
1666059919.150168 -8.739103 3.076809 -4.478977 -0.034538 -0.798545 -0.018022 0.600673
1666059919.250168 -8.592933 3.067671 -4.434141 -0.034225 -0.798372 -0.018059 0.600920
1666059919.350168 -8.445075 3.063573 -4.394471 -0.033754 -0.798027 -0.018045 0.601405
1666059919.450168 -8.293312 3.053345 -4.347986 -0.033438 -0.797977 -0.018316 0.601481
1666059919.550168 -8.143027 3.037828 -4.302164 -0.033916 -0.798245 -0.017780 0.601115
1666059919.650168 -7.996310 3.031353 -4.252569 -0.033953 -0.798080 -0.017289 0.601346
1666059919.750168 -7.847071 3.022137 -4.209136 -0.034721 -0.798222 -0.017712 0.601100
1666059919.850168 -7.701586 3.014124 -4.159903 -0.033776 -0.798387 -0.016160 0.600980
1666059919.950168 -7.550365 3.004077 -4.114931 -0.033943 -0.797973 -0.015810 0.601529
1666059920.050168 -7.389666 2.991109 -4.078345 -0.033347 -0.797775 -0.016011 0.601819
1666059920.150168 -7.241190 2.973553 -4.027949 -0.033853 -0.797816 -0.016201 0.601732
1666059920.250168 -7.100231 2.966218 -3.981722 -0.032749 -0.797891 -0.015117 0.601722
1666059920.350168 -6.957772 2.959525 -3.936862 -0.032294 -0.797783 -0.015531 0.601878
1666059920.450168 -6.813705 2.948783 -3.892093 -0.032781 -0.797851 -0.016334 0.601741
1666059920.550168 -6.668882 2.939358 -3.850215 -0.031899 -0.797752 -0.015423 0.601944
1666059920.650168 -6.534018 2.934488 -3.805550 -0.032432 -0.797837 -0.014607 0.601823
1666059920.750168 -6.393715 2.928874 -3.765582 -0.031642 -0.797639 -0.015403 0.602107
1666059920.850168 -6.253314 2.921153 -3.723989 -0.030888 -0.797507 -0.016082 0.602304
1666059920.950159 -6.107981 2.909210 -3.678742 -0.031071 -0.797647 -0.015948 0.602113
1666059921.050150 -5.970780 2.903433 -3.632287 -0.032641 -0.797013 -0.017215 0.602834
1666059921.150143 -5.824129 2.894387 -3.588016 -0.033896 -0.796151 -0.018401 0.603867
1666059921.250135 -5.671264 2.882239 -3.532898 -0.032993 -0.795120 -0.018774 0.605262
1666059921.350128 -5.517022 2.869962 -3.486167 -0.033064 -0.794078 -0.018721 0.606627
1666059921.450121 -5.355737 2.860381 -3.431178 -0.031588 -0.790296 -0.017531 0.611659
1666059921.550115 -5.202069 2.849617 -3.395407 -0.030410 -0.780166 -0.013784 0.624681
1666059921.650111 -5.071494 2.843955 -3.375292 -0.028545 -0.767532 -0.016496 0.640163
1666059921.750108 -4.948623 2.844447 -3.350174 -0.030128 -0.755575 -0.018324 0.654113
1666059921.850104 -4.843839 2.832220 -3.352144 -0.031711 -0.742999 -0.021028 0.668210
1666059921.950103 -4.717916 2.814966 -3.319113 -0.030433 -0.734243 -0.020792 0.677885
1666059922.050101 -4.610509 2.817264 -3.320175 -0.030105 -0.720823 -0.020524 0.692161
1666059922.150100 -4.472663 2.843884 -3.315609 -0.031018 -0.712008 -0.019741 0.701208
1666059922.250100 -4.321709 2.847134 -3.302195 -0.029689 -0.701725 -0.017472 0.711614
1666059922.350101 -4.212988 2.850271 -3.320545 -0.027043 -0.681591 -0.020411 0.730949
1666059922.450103 -4.072030 2.861258 -3.332674 -0.026602 -0.676244 -0.022442 0.735855
1666059922.550104 -3.946155 2.867733 -3.344377 -0.027966 -0.665391 -0.016303 0.745793
1666059922.650107 -3.820199 2.882476 -3.368268 -0.026631 -0.646442 -0.015132 0.762348
1666059922.750110 -3.691624 2.879318 -3.392232 -0.026728 -0.636761 -0.018675 0.770372
1666059922.850114 -3.581193 2.878104 -3.419712 -0.025880 -0.623619 -0.012407 0.781201
1666059922.950116 -3.497761 2.865279 -3.452343 -0.025908 -0.602323 -0.017613 0.797638
1666059923.050116 -3.415400 2.863441 -3.483449 -0.028145 -0.594812 -0.020512 0.803110
1666059923.150125 -3.325286 2.859412 -3.519651 -0.027266 -0.573799 -0.016538 0.818375
1666059923.250134 -3.263644 2.855235 -3.568582 -0.024106 -0.558109 -0.024306 0.829061
1666059923.350142 -3.189945 2.847814 -3.597861 -0.023844 -0.553387 -0.021282 0.832311
1666059923.450150 -3.124580 2.843120 -3.618973 -0.024144 -0.545640 -0.021616 0.837393
1666059923.550158 -3.069512 2.870831 -3.638204 -0.021788 -0.536824 -0.022484 0.843113
1666059923.650165 -3.007419 2.889178 -3.677360 -0.020103 -0.527236 -0.020938 0.849223
1666059923.750171 -2.933456 2.907006 -3.699129 -0.020837 -0.523225 -0.021022 0.851680
1666059923.850176 -2.850853 2.901428 -3.743310 -0.021639 -0.514796 -0.020660 0.856790
1666059923.950181 -2.753507 2.893212 -3.787166 -0.021506 -0.509176 -0.021460 0.860126
1666059924.050186 -2.659194 2.897547 -3.845773 -0.018153 -0.503036 -0.020517 0.863831
1666059924.150190 -2.577335 2.899150 -3.906186 -0.012927 -0.491260 -0.019505 0.870699
1666059924.250194 -2.516579 2.899434 -3.949913 -0.011998 -0.474902 -0.020776 0.879712
1666059924.350197 -2.460878 2.892714 -3.993409 -0.011953 -0.453513 -0.020552 0.890932
1666059924.450200 -2.410993 2.887684 -4.033366 -0.012165 -0.429182 -0.021496 0.902880
1666059924.550200 -2.365532 2.875274 -4.072088 -0.013274 -0.404924 -0.019854 0.914038
1666059924.650200 -2.334608 2.868891 -4.104753 -0.012853 -0.380077 -0.020268 0.924643
1666059924.750199 -2.312332 2.870718 -4.124413 -0.011287 -0.357339 -0.022045 0.933646
1666059924.850199 -2.280346 2.871592 -4.148874 -0.011247 -0.335183 -0.022529 0.941817
1666059924.950199 -2.236118 2.873307 -4.172904 -0.011295 -0.315228 -0.021663 0.948701
1666059925.050200 -2.198294 2.875095 -4.211200 -0.013905 -0.296494 -0.021939 0.954681
1666059925.150200 -2.151611 2.872944 -4.265454 -0.014271 -0.289549 -0.020649 0.956834
1666059925.250200 -2.094854 2.867893 -4.342993 -0.013166 -0.286466 -0.018025 0.957830
1666059925.350200 -2.040747 2.864279 -4.426897 -0.008466 -0.282468 -0.015452 0.959115
1666059925.450200 -1.981064 2.867079 -4.511720 -0.000544 -0.280548 -0.013102 0.959750
1666059925.550200 -1.950341 2.874632 -4.595742 0.002316 -0.275436 -0.020339 0.961102
1666059925.650200 -1.917357 2.877457 -4.675720 0.004511 -0.268831 -0.026492 0.962812
1666059925.750200 -1.883544 2.877169 -4.738077 0.002475 -0.257714 -0.027650 0.965822
1666059925.850200 -1.836794 2.891782 -4.792243 0.001781 -0.234047 -0.027998 0.971820
1666059925.950200 -1.774191 2.902388 -4.833079 0.000372 -0.215675 -0.025703 0.976127
1666059926.050200 -1.742486 2.919582 -4.906960 0.003172 -0.195652 -0.031057 0.980176
1666059926.150200 -1.684355 2.928253 -4.973527 -0.002713 -0.191087 -0.024977 0.981251
1666059926.250200 -1.630444 2.939443 -5.038406 -0.006868 -0.186918 -0.021410 0.982118
1666059926.350200 -1.586015 2.936712 -5.118929 -0.010858 -0.184856 -0.024694 0.982395
1666059926.450200 -1.545395 2.943227 -5.163809 -0.016656 -0.186814 -0.027861 0.981859
1666059926.550200 -1.504505 2.945634 -5.220308 -0.015513 -0.180930 -0.033333 0.982809
1666059926.650205 -1.455460 2.951941 -5.292410 -0.013788 -0.175081 -0.035370 0.983822
1666059926.750217 -1.414290 2.960317 -5.380044 -0.009802 -0.164101 -0.035381 0.985760
1666059926.850226 -1.376820 2.961767 -5.470975 -0.007011 -0.154939 -0.031885 0.987384
1666059926.950237 -1.343582 2.967113 -5.571381 -0.004997 -0.153537 -0.031340 0.987633
1666059927.050245 -1.281046 2.965725 -5.666719 -0.003407 -0.151091 -0.025566 0.988183
1666059927.150253 -1.250505 2.969782 -5.772068 -0.000971 -0.151556 -0.025738 0.988113
1666059927.250261 -1.212478 2.982413 -5.874009 0.001307 -0.150475 -0.025906 0.988273
1666059927.350267 -1.181417 2.987953 -5.975782 0.002588 -0.149301 -0.026246 0.988440
1666059927.450275 -1.140185 2.995202 -6.083840 0.002257 -0.148246 -0.028514 0.988537
1666059927.550282 -1.098794 2.995837 -6.192436 0.003208 -0.146788 -0.024994 0.988847
1666059927.650292 -1.042549 3.013139 -6.310496 0.005686 -0.147431 -0.021150 0.988830
1666059927.750302 -1.004156 3.012867 -6.438888 0.006645 -0.147271 -0.022296 0.988822
1666059927.850312 -0.949239 3.015263 -6.553428 0.008993 -0.147036 -0.023379 0.988814
1666059927.950321 -0.902775 3.022015 -6.655426 0.009728 -0.146656 -0.024038 0.988848
1666059928.050329 -0.853171 3.027933 -6.761374 0.010835 -0.145645 -0.024526 0.988974
1666059928.150336 -0.819007 3.029298 -6.860815 0.008821 -0.146161 -0.024427 0.988920
1666059928.250341 -0.778991 3.028837 -6.968113 0.009659 -0.145243 -0.022566 0.989091
1666059928.350348 -0.741121 3.041581 -7.071701 0.012896 -0.144699 -0.023019 0.989124
1666059928.450352 -0.692227 3.039743 -7.166686 0.015840 -0.144787 -0.023114 0.989066
1666059928.550355 -0.647751 3.052844 -7.254184 0.021014 -0.141546 -0.022028 0.989463
1666059928.650357 -0.601448 3.053959 -7.328355 0.021238 -0.140453 -0.022244 0.989610
1666059928.750356 -0.558102 3.059284 -7.386719 0.021605 -0.140354 -0.022119 0.989618
1666059928.850356 -0.534998 3.070306 -7.440476 0.021964 -0.142568 -0.023106 0.989271
1666059928.950356 -0.509628 3.083325 -7.476392 0.022527 -0.143768 -0.022782 0.989093
1666059929.050356 -0.483850 3.094919 -7.511319 0.023322 -0.145076 -0.022675 0.988886
1666059929.150357 -0.458541 3.106199 -7.544866 0.024173 -0.146355 -0.022626 0.988678
1666059929.250356 -0.426225 3.118896 -7.588283 0.024946 -0.147607 -0.022585 0.988473
1666059929.350356 -0.399306 3.128377 -7.624895 0.025641 -0.148871 -0.022520 0.988268
1666059929.450356 -0.373066 3.136654 -7.662371 0.026214 -0.150041 -0.022433 0.988078
1666059929.550356 -0.354511 3.145012 -7.709003 0.026760 -0.150686 -0.022326 0.987967
1666059929.650357 -0.324624 3.149754 -7.741493 0.027123 -0.152208 -0.022186 0.987727
1666059929.750356 -0.293459 3.158273 -7.782282 0.027635 -0.153485 -0.022056 0.987518
1666059929.850356 -0.266307 3.170765 -7.815854 0.028509 -0.154811 -0.021975 0.987288
1666059929.950356 -0.233247 3.179650 -7.855312 0.029043 -0.156193 -0.021850 0.987058
1666059930.050356 -0.201832 3.188393 -7.893369 0.029599 -0.157539 -0.021767 0.986829
1666059930.150357 -0.162915 3.196326 -7.931097 0.030039 -0.159237 -0.021611 0.986547
1666059930.250356 -0.131350 3.206252 -7.967983 0.030666 -0.160637 -0.021490 0.986303
1666059930.350356 -0.111326 3.214895 -8.012509 0.031195 -0.161338 -0.021354 0.986175
1666059930.450356 -0.069999 3.219529 -8.053518 0.031417 -0.162996 -0.021269 0.985897
1666059930.550356 -0.022594 3.231047 -8.104083 0.031857 -0.164514 -0.021143 0.985633
1666059930.650357 0.024139 3.235123 -8.149228 0.032020 -0.166196 -0.021161 0.985346
1666059930.750356 0.066709 3.243824 -8.188974 0.032470 -0.167872 -0.021057 0.985049
1666059930.850356 0.102331 3.253307 -8.231688 0.032929 -0.169165 -0.020911 0.984816
1666059930.950356 0.129535 3.264146 -8.270675 0.033577 -0.170221 -0.020799 0.984614
1666059931.050356 0.167977 3.276536 -8.311236 0.034194 -0.171686 -0.020616 0.984342
1666059931.150357 0.211297 3.281498 -8.353042 0.034406 -0.173331 -0.020562 0.984048
1666059931.250356 0.245236 3.290758 -8.391995 0.034931 -0.174681 -0.020435 0.983793
1666059931.350356 0.283934 3.303736 -8.432124 0.035595 -0.176138 -0.020261 0.983513
1666059931.450356 0.324025 3.317935 -8.473306 0.036374 -0.177570 -0.020205 0.983228
1666059931.550356 0.363604 3.326177 -8.515252 0.036791 -0.179006 -0.020121 0.982954
1666059931.650357 0.407493 3.341238 -8.558871 0.037526 -0.180481 -0.020041 0.982658
1666059931.750356 0.449253 3.352434 -8.602576 0.038058 -0.181880 -0.019975 0.982381
1666059931.850356 0.479816 3.358299 -8.632932 0.038445 -0.183348 -0.019820 0.982096
1666059931.950356 0.521891 3.364611 -8.670245 0.038769 -0.184998 -0.019764 0.981775
1666059932.050356 0.561972 3.373782 -8.713073 0.039226 -0.186357 -0.019726 0.981500
1666059932.150357 0.595945 3.379357 -8.743607 0.039562 -0.187970 -0.019532 0.981183
1666059932.250356 0.644191 3.383963 -8.786023 0.039737 -0.189651 -0.019586 0.980852
1666059932.350356 0.684138 3.395000 -8.828364 0.040288 -0.190984 -0.019536 0.980571
1666059932.450356 0.713701 3.405357 -8.867453 0.040895 -0.192028 -0.019464 0.980344
1666059932.550356 0.759883 3.415195 -8.906846 0.041373 -0.193670 -0.019464 0.980001
1666059932.650357 0.800060 3.426348 -8.950351 0.041935 -0.194925 -0.019447 0.979728
