1666059837.050643 1.757606 0.587873 1.688256 0.045923 -0.092135 0.015148 0.994572
1666059837.550370 1.761741 0.587955 1.659574 0.045883 -0.091965 0.015635 0.994582
1666059838.050294 1.763136 0.585681 1.609434 0.045684 -0.092033 0.015505 0.994587
1666059838.550278 1.773937 0.591895 1.582966 0.046233 -0.092964 0.015426 0.994476
1666059839.050278 1.786053 0.595800 1.555306 0.046433 -0.094108 0.015377 0.994360
1666059839.550278 1.798969 0.602974 1.528399 0.047029 -0.095079 0.015329 0.994240
1666059840.050278 1.794633 0.595433 1.462078 0.046458 -0.094653 0.015329 0.994307
1666059840.550278 1.890537 0.662860 1.371884 0.048969 -0.097228 0.016664 0.993917
1666059841.050278 2.002241 0.718901 1.086225 0.047898 -0.097197 0.017737 0.993954
1666059841.550278 2.091518 0.707295 0.700660 0.045307 -0.096604 0.021531 0.994058
1666059842.050238 2.266153 0.716876 0.259882 0.058091 -0.096484 0.026077 0.993296
1666059842.550227 2.348862 0.753201 -0.208919 0.027569 -0.095065 0.020845 0.994871
1666059843.050255 2.495787 0.696904 -0.584395 0.021886 -0.094104 0.024926 0.995010
1666059843.550307 6.467678 1.670712 -21.627371 -0.107206 -0.010998 0.993931 -0.022080
1666059844.050323 6.632633 1.719983 -22.139423 -0.112305 -0.004615 0.993418 -0.022050
1666059844.550323 6.737191 1.703285 -22.637415 -0.106842 0.002027 0.994046 -0.021314
1666059845.050323 6.848355 1.710599 -23.188141 -0.094852 -0.001580 0.995264 -0.021219
1666059845.550323 6.948402 1.686466 -23.727245 -0.088208 -0.001082 0.995895 -0.020283
1666059846.050323 7.137337 1.763069 -24.386543 -0.062966 -0.008424 0.997787 -0.019625
1666059846.550323 7.203461 1.709076 -24.837366 -0.060753 -0.006258 0.997904 -0.021405
1666059847.050388 7.466283 1.903492 -25.643689 -0.066317 -0.008093 0.997425 -0.026068
1666059847.550416 7.658407 2.031487 -26.109192 -0.074878 -0.019790 0.996762 -0.021594
1666059848.050402 7.640479 1.991893 -26.527030 -0.078480 -0.017507 0.996541 -0.021003
1666059848.550364 7.734253 1.989536 -27.070328 -0.081875 -0.012853 0.996259 -0.024483
1666059849.050354 7.821120 1.978627 -27.425620 -0.099618 -0.018934 0.994545 -0.024448
1666059849.550297 7.918263 2.142069 -27.939936 -0.103296 -0.024871 0.993968 -0.027168
1666059850.050256 8.118013 2.219439 -28.509083 -0.116228 -0.029686 0.992381 -0.028086
1666059850.550225 7.314277 4.479930 -26.071987 0.912062 -0.170046 0.154706 0.339550
1666059851.050201 7.180214 4.935878 -25.656602 0.908483 -0.166646 0.164398 0.346211
1666059851.550200 6.999682 5.491584 -25.298177 0.908002 -0.165947 0.176494 0.341824
1666059852.050220 6.893563 5.860393 -24.855904 0.902976 -0.166571 0.179558 0.353054
1666059852.550268 6.756561 6.245122 -24.493547 0.897211 -0.166457 0.184051 0.365279
1666059853.050314 6.513250 6.944123 -24.114325 0.891630 -0.162388 0.196853 0.373999
1666059853.550332 -0.103334 10.119602 -22.553725 -0.254551 0.353973 0.090220 0.895415
1666059854.050314 -0.653708 9.549389 -22.913971 -0.262027 0.365931 0.094728 0.887954
1666059854.550314 -0.834116 9.326578 -23.246012 -0.264429 0.365481 0.098180 0.887052
1666059855.050314 -9.554542 1.854942 -43.256439 0.050912 0.020223 0.992068 -0.113141
1666059855.550314 -9.657857 1.728044 -43.652290 0.043502 0.023395 0.992192 -0.114522
1666059856.050314 -9.729439 1.642541 -44.131474 0.038770 0.020817 0.992539 -0.113712
1666059856.550314 -9.744047 1.608198 -44.607585 0.029165 0.020971 0.992587 -0.116107
1666059857.050314 -9.707681 1.656227 -45.278105 0.019221 0.016200 0.992924 -0.116060
1666059857.550314 -9.678447 1.647594 -45.831807 0.008775 0.014508 0.993596 -0.111712
1666059858.050314 -9.673390 1.583064 -46.189097 0.003790 0.014170 0.993814 -0.110081
1666059858.550314 -9.631765 1.565951 -46.756456 -0.005254 0.012105 0.993952 -0.109020
1666059859.050272 -9.606329 1.445818 -47.206674 -0.027504 0.021808 0.993974 -0.103844
1666059859.550258 -9.610165 1.371421 -47.708518 -0.034787 0.031914 0.993321 -0.105283
1666059860.050258 -9.620165 1.310465 -48.078222 -0.041338 0.011341 0.993061 -0.109511
1666059860.550273 -9.604801 1.156845 -48.434921 -0.048675 0.029987 0.992509 -0.107969
1666059861.050281 -9.588247 1.096357 -48.806892 -0.088344 0.024377 0.989754 -0.109492
1666059861.550281 -9.492198 1.088272 -49.163864 -0.147559 0.023259 0.982699 -0.109486
1666059862.050281 -9.443651 1.085683 -49.355191 -0.187766 0.010037 0.975623 -0.113153
1666059862.550281 -9.377263 1.083328 -49.496332 -0.248644 0.002305 0.962056 -0.112332
1666059863.050281 -9.336486 1.078966 -49.663547 -0.308665 -0.007367 0.944101 -0.115523
1666059863.550236 -9.187094 1.130745 -49.803117 -0.393247 -0.022756 0.912663 -0.109024
1666059864.050188 -9.126609 1.129015 -49.879303 -0.471848 -0.035990 0.874358 -0.107531
1666059864.550155 -8.939216 1.165686 -50.001688 -0.535869 -0.054632 0.835724 -0.106892
1666059865.050133 -8.689970 1.226953 -50.089020 -0.613108 -0.079340 0.779866 -0.098041
1666059865.550129 -8.414092 1.311398 -50.121876 -0.687054 -0.085594 0.715688 -0.091766
1666059866.050129 -8.077269 1.346150 -50.167373 0.722890 0.090278 -0.679231 0.089022
1666059866.550129 -7.633885 1.450553 -50.154665 0.719585 0.088892 -0.683405 0.085163
1666059867.050129 -7.100901 1.618831 -50.146650 0.719919 0.082371 -0.684929 0.076177
1666059867.550129 -6.679275 1.725420 -50.090205 0.717750 0.082043 -0.687052 0.077860
1666059868.050129 -6.273383 1.829415 -50.044390 0.713879 0.077568 -0.691481 0.078822
1666059868.550129 -5.831051 1.966772 -50.013771 0.709144 0.083189 -0.694699 0.087109
1666059869.050129 -5.361235 2.123498 -49.968686 -0.699491 -0.081179 0.704769 -0.086158
1666059869.550129 -4.949394 2.177203 -50.024137 -0.693527 -0.082414 0.710800 -0.083611
1666059870.050129 -4.445542 2.315495 -50.032493 -0.690236 -0.079481 0.715152 -0.076253
1666059870.550129 -4.006693 2.401731 -50.061626 -0.687306 -0.077091 0.718528 -0.073380
1666059871.050129 -3.524587 2.505448 -50.079047 -0.686499 -0.070309 0.720240 -0.070927
1666059871.550129 -3.030053 2.622634 -50.080307 -0.687238 -0.071950 0.719376 -0.070894
1666059872.050129 -2.608317 2.666162 -50.129253 -0.684185 -0.070670 0.722503 -0.069901
1666059872.550129 -2.107222 2.871094 -50.078543 -0.686787 -0.069560 0.720116 -0.070127
1666059873.050119 -1.673236 2.940942 -50.090012 -0.683882 -0.074287 0.721905 -0.075099
1666059873.550102 -1.178693 2.961324 -50.182408 -0.677489 -0.071150 0.728032 -0.076914
1666059874.050094 -0.697781 3.033500 -50.246154 -0.674581 -0.065270 0.732079 -0.068854
1666059874.550086 -0.221518 3.113624 -50.280391 -0.674177 -0.065587 0.732137 -0.071823
1666059875.050081 0.293234 3.279954 -50.298738 -0.674880 -0.072531 0.730114 -0.078808
1666059875.550081 0.850462 3.458165 -50.291595 -0.677469 -0.074973 0.727174 -0.081449
1666059876.050081 1.417208 3.549571 -50.298830 -0.681195 -0.077388 0.723697 -0.079043
1666059876.550081 1.858072 3.708404 -50.305365 -0.692019 -0.076413 0.713164 -0.081654
1666059877.050081 2.242729 3.794371 -50.300288 0.723003 0.082996 -0.680846 0.082624
1666059877.550081 2.706658 3.916418 -50.258195 0.761732 0.085540 -0.637773 0.075452
1666059878.050081 3.295206 4.042090 -50.129023 0.782925 0.088100 -0.611544 0.072665
1666059878.550081 3.755296 4.175370 -50.000052 0.789485 0.081698 -0.603954 0.072647
1666059879.050081 4.203058 4.289340 -49.830911 0.793322 0.087094 -0.598555 0.069190
1666059879.550081 4.589792 4.338027 -49.675532 0.815206 0.089197 -0.568635 0.064328
1666059880.050081 4.890598 4.363526 -49.530609 0.835328 0.091781 -0.538908 0.058151
1666059880.550081 5.179980 4.355950 -49.417988 0.853821 0.095312 -0.508949 0.053634
1666059881.050081 5.578747 4.446002 -49.119696 0.869535 0.096391 -0.481894 0.048943
1666059881.550081 5.859840 4.499987 -48.947286 0.877122 0.098713 -0.467500 0.048552
1666059882.050094 6.160462 4.564067 -48.671269 0.901432 0.094282 -0.420113 0.045132
1666059882.550107 6.504147 4.642463 -48.422306 0.906336 0.094150 -0.409792 0.041970
1666059883.050113 6.698952 4.709240 -48.203863 0.906148 0.094133 -0.409565 0.047863
1666059883.550118 7.058079 4.801290 -47.828763 0.906740 0.094606 -0.408331 0.046247
1666059884.050120 7.408354 4.815879 -47.536253 0.906494 0.097792 -0.408630 0.041550
1666059884.550120 7.764330 4.907049 -47.232191 0.906465 0.098841 -0.407983 0.045851
1666059885.050120 8.065782 4.917488 -47.036974 0.905713 0.099311 -0.410123 0.040262
1666059885.550120 8.411943 4.960857 -46.677982 0.907248 0.097551 -0.406498 0.046302
1666059886.050120 8.771605 5.047300 -46.368223 0.909979 0.097117 -0.400403 0.046731
1666059886.550120 9.089861 5.132141 -46.026416 0.927310 0.099997 -0.358157 0.042668
1666059887.050152 9.331708 5.199184 -45.677720 0.933013 0.101369 -0.343220 0.037562
1666059887.550158 9.633275 5.236094 -45.311777 0.935766 0.098331 -0.336371 0.039073
1666059888.050154 9.972899 5.250615 -44.901284 0.937931 0.097444 -0.330569 0.038918
1666059888.550163 10.217720 5.306171 -44.579433 0.946054 0.095449 -0.307680 0.034713
1666059889.050166 10.489946 5.266067 -44.227465 0.956020 0.095908 -0.275352 0.031774
1666059889.550215 10.647630 5.273181 -43.986342 0.959410 0.096513 -0.263224 0.030498
1666059890.050238 10.948154 5.343258 -43.542605 0.961374 0.097291 -0.255363 0.032916
1666059890.550249 11.142955 5.452450 -43.214466 0.964246 0.104933 -0.241954 0.026035
1666059891.050242 11.390572 5.417820 -42.861830 0.966265 0.102370 -0.235444 0.020461
1666059891.550242 11.638458 5.430206 -42.416892 0.967713 0.096879 -0.231993 0.018032
1666059892.050242 11.900154 5.435191 -41.935396 0.968999 0.094675 -0.227596 0.016646
1666059892.550242 12.146604 5.483856 -41.487699 0.970225 0.092010 -0.223547 0.014986
1666059893.050242 12.304622 5.525598 -41.017432 0.971821 0.092256 -0.216516 0.013132
1666059893.550281 12.502054 5.505098 -40.606846 0.973037 0.091750 -0.211406 0.009381
1666059894.050343 12.708379 5.390483 -40.177621 0.975425 0.089608 -0.201230 0.004697
1666059894.550367 12.918770 5.458844 -39.693686 0.981600 0.092723 -0.166881 0.003952
1666059895.050370 13.097466 5.442900 -39.199243 0.983435 0.093199 -0.155466 0.000124
1666059895.550362 13.261443 5.475717 -38.684194 0.986901 0.093407 -0.131515 0.002314
1666059896.050362 13.372952 5.475399 -38.233846 0.990625 0.089283 -0.103337 -0.003488
1666059896.550362 13.462440 5.509401 -37.692244 0.992018 0.087892 -0.090420 -0.000543
1666059897.050344 13.543568 5.530777 -37.208304 0.992901 0.087290 -0.080590 -0.005778
1666059897.550263 13.691001 5.507683 -36.687078 0.994958 0.083302 -0.055062 -0.009342
1666059898.050213 13.703910 5.534020 -36.127325 0.995959 0.085393 0.013590 -0.024280
1666059898.550195 13.719561 5.475071 -35.648344 0.994839 0.079041 0.062588 -0.011428
1666059899.050204 13.695412 5.445380 -35.242620 0.991344 0.069162 0.111158 -0.009892
1666059899.550204 13.543798 5.458688 -34.810889 0.978679 0.067539 0.193555 -0.012742
1666059900.050204 13.420738 5.438553 -34.480890 0.959489 0.064786 0.273568 -0.018540
1666059900.550204 13.283725 5.418470 -34.241352 0.929898 0.060060 0.362281 -0.020876
1666059901.050204 13.034328 5.384785 -34.062799 0.871003 0.061740 0.486214 -0.033728
1666059901.550204 12.825525 5.378743 -33.915439 0.824126 0.049862 0.563260 -0.032688
1666059902.050204 12.471659 5.371601 -33.804889 0.780249 0.051548 0.622379 -0.034612
1666059902.550204 12.136083 5.255719 -33.608495 0.770040 0.051097 0.634731 -0.039305
1666059903.050204 11.748036 5.180424 -33.533600 0.754255 0.054669 0.653192 -0.038096
1666059903.550204 11.327531 5.195073 -33.388185 0.748159 0.049402 0.660569 -0.038285
1666059904.050204 10.905583 5.111081 -33.264276 0.745007 0.049379 0.664068 -0.039240
1666059904.550204 10.468299 5.084259 -33.210701 0.739608 0.046727 0.670385 -0.037162
1666059905.050204 9.954202 5.070267 -33.059697 0.740266 0.049976 0.669521 -0.035362
1666059905.550204 9.484170 5.000567 -32.951952 0.739658 0.050648 0.670204 -0.034160
1666059906.050204 8.976144 5.018847 -33.057027 0.740226 0.046164 0.669927 -0.033654
1666059906.550204 8.462998 5.003154 -33.044414 0.744785 0.041238 0.665283 -0.031533
1666059907.050204 7.999212 4.899856 -32.954504 0.758799 0.046385 0.648808 -0.033465
1666059907.550204 7.527618 4.796604 -32.833543 0.762902 0.047937 0.643794 -0.034821
1666059908.050204 7.012202 4.719749 -32.729133 0.765150 0.044910 0.641289 -0.035735
1666059908.550204 6.545464 4.588421 -32.573662 0.767031 0.047754 0.638891 -0.034660
1666059909.050204 5.974958 4.580955 -32.468833 0.768500 0.048700 0.636975 -0.036055
1666059909.550204 5.409749 4.628522 -32.553941 0.765323 0.039679 0.641370 -0.036747
1666059910.050204 4.908496 4.576041 -32.499962 0.765860 0.038600 0.640872 -0.035376
1666059910.550204 4.398588 4.460495 -32.356220 0.766255 0.041579 0.640198 -0.035649
1666059911.050204 3.880191 4.406886 -32.274813 0.765873 0.040540 0.640665 -0.036662
1666059911.550204 3.318716 4.339123 -32.193817 0.764464 0.041191 0.642347 -0.035910
1666059912.050249 2.770819 4.283663 -32.109480 0.763849 0.039144 0.643391 -0.032395
1666059912.550257 2.204128 4.213357 -32.029459 0.762061 0.038895 0.645328 -0.036072
1666059913.050264 1.654723 4.137008 -31.917226 0.763423 0.038464 0.643723 -0.036419
1666059913.550258 1.087303 4.037228 -31.757829 0.776811 0.037287 0.627170 -0.042818
1666059914.050258 0.529442 4.025239 -31.675314 0.781734 0.035433 0.621214 -0.041586
1666059914.550258 -0.003528 3.952371 -31.542027 0.783304 0.034731 0.619365 -0.040198
1666059915.050217 -0.568375 3.877696 -31.410126 0.783302 0.034965 0.619123 -0.043619
1666059915.550192 -1.113141 3.825612 -31.289725 0.784108 0.032975 0.618328 -0.041926
1666059916.050184 -1.719343 3.775317 -31.186523 0.783469 0.035648 0.618920 -0.042939
1666059916.550173 -2.279959 3.682939 -31.020433 0.785021 0.034643 0.616847 -0.045181
1666059917.050168 -2.840625 3.579300 -30.842402 0.787151 0.038486 0.613889 -0.045310
1666059917.550168 -3.467154 3.515278 -30.719443 0.785170 0.034545 0.616625 -0.045703
1666059918.050168 -4.010510 3.435869 -30.589935 0.783846 0.036618 0.618229 -0.045143
1666059918.550168 -4.535237 3.370563 -30.454795 0.783004 0.035956 0.619355 -0.044852
1666059919.050168 -5.097462 3.274086 -30.301825 0.781621 0.037920 0.621163 -0.042265
1666059919.550168 -5.688843 3.184792 -30.152278 0.780099 0.042462 0.622811 -0.041830
1666059920.050168 -6.037741 2.894223 -29.679607 0.796603 0.053453 0.599572 -0.055501
1666059920.550168 -6.616101 2.778928 -29.509635 0.795118 0.053260 0.601305 -0.058166
1666059921.050150 -7.207818 2.655875 -29.345891 0.792889 0.049868 0.604519 -0.058282
1666059921.550115 -7.815992 2.531580 -29.143946 0.776833 0.049059 0.624384 -0.065337
1666059922.050101 -8.339074 2.309487 -28.983390 0.720431 0.041921 0.688528 -0.071769
1666059922.550104 -8.807946 2.184476 -28.955761 0.668292 0.038314 0.739065 -0.075499
1666059923.050116 -29.116379 -4.975120 -33.112720 -0.068202 0.567559 0.119780 0.811713
1666059923.550158 -29.423731 -5.024515 -33.215353 -0.073335 0.619735 0.114921 0.772880
1666059924.050186 -29.735972 -5.090674 -33.330190 -0.075108 0.645588 0.113178 0.751509
1666059924.550200 -29.996405 -5.098709 -33.328472 -0.077745 0.724390 0.095554 0.678295
1666059925.050200 -30.112321 -5.111633 -33.375357 -0.088397 0.796739 0.090734 0.590898
1666059925.550200 -30.392420 -5.210278 -33.279845 -0.081673 0.810617 0.079348 0.574398
1666059926.050200 -30.639687 -5.205352 -33.173303 -0.101827 0.854067 0.066141 0.505793
1666059926.550200 -30.877194 -5.266877 -33.038931 -0.114221 0.864203 0.082991 0.482928
1666059927.050245 -31.021828 -5.214977 -33.028208 -0.101451 0.880531 0.071802 0.457402
1666059927.550282 -31.347381 -5.369942 -32.827811 -0.097498 0.882725 0.074038 0.453662
1666059928.050329 -31.638315 -5.355838 -32.620873 -0.094795 0.886131 0.063044 0.449234
1666059928.550355 -31.883132 -5.385911 -32.379767 -0.091285 0.891231 0.051682 0.441252
1666059929.050356 -31.986862 -5.430967 -32.290498 -0.091444 0.892373 0.054128 0.438611
1666059929.550356 -32.021511 -5.436430 -32.249744 -0.091315 0.892495 0.053840 0.438424
1666059930.050356 -32.059529 -5.440832 -32.213486 -0.091163 0.892488 0.053408 0.438523
1666059930.550356 -32.099530 -5.445765 -32.178187 -0.090946 0.892438 0.053022 0.438715
1666059931.050356 -32.138558 -5.450286 -32.154519 -0.090698 0.892128 0.052658 0.439442
1666059931.550356 -32.180376 -5.451851 -32.135732 -0.090385 0.891722 0.052113 0.440394
1666059932.050356 -32.220180 -5.451999 -32.118038 -0.090068 0.891306 0.051505 0.441372
1666059932.550356 -32.258222 -5.457215 -32.082293 -0.089931 0.891305 0.051165 0.441440
