1666059837.050643 -0.008940 -0.000984 0.005137 -0.002730 0.003214 -0.003244 0.999986
1666059837.550370 -0.011738 -0.014140 -0.044781 -0.003554 0.002632 -0.002263 0.999988
1666059838.050294 -0.006914 -0.012737 -0.073890 -0.003273 0.001958 -0.002201 0.999990
1666059838.550278 0.001190 -0.009694 -0.102484 -0.002885 0.000935 -0.002070 0.999993
1666059839.050278 0.013044 -0.007574 -0.133235 -0.002531 -0.000528 -0.001798 0.999995
1666059839.550278 0.024400 -0.002659 -0.161859 -0.001835 -0.002034 -0.001729 0.999995
1666059840.050278 0.035725 0.001860 -0.190313 -0.001150 -0.003424 -0.001650 0.999992
1666059840.550278 0.050448 0.004119 -0.375901 -0.001732 -0.001884 0.000007 0.999997
1666059841.050278 0.095615 0.033906 -0.695586 -0.001986 -0.002007 -0.000238 0.999996
1666059841.550278 0.180049 0.068958 -1.029535 0.001768 -0.004897 -0.000465 0.999986
1666059842.050238 0.339877 0.171296 -1.335255 0.023145 -0.007442 -0.001182 0.999704
1666059842.550227 0.272375 0.131563 -1.802611 -0.009629 -0.002098 -0.003570 0.999945
1666059843.050255 0.405189 0.119468 -2.169032 -0.012412 -0.003775 0.003536 0.999910
1666059843.550307 0.226765 0.032589 -2.763142 -0.001702 0.006783 0.006701 0.999953
1666059844.050323 0.225215 0.032890 -3.245213 0.006223 0.009416 0.006680 0.999914
1666059844.550323 0.229235 0.004170 -3.771609 0.008676 0.004119 0.007028 0.999929
1666059845.050323 0.182699 -0.021092 -4.310743 0.003984 -0.004933 0.006641 0.999958
1666059845.550323 0.149190 -0.043455 -4.857099 0.001390 -0.010528 0.006318 0.999924
1666059846.050323 0.215925 -0.057944 -5.186725 -0.003337 -0.041910 0.007774 0.999086
1666059846.550323 0.266099 -0.010566 -5.716880 -0.002748 -0.044938 0.010472 0.998931
1666059847.050388 0.430794 0.006441 -6.171869 0.006474 -0.054400 0.012208 0.998424
1666059847.550416 0.486383 -0.000934 -6.717874 0.000511 -0.051552 0.007728 0.998640
1666059848.050402 0.503642 0.027680 -7.145644 0.002296 -0.042778 0.007495 0.999054
1666059848.550364 0.535832 0.037761 -7.778297 0.006976 -0.037265 0.007808 0.999251
1666059849.050354 0.534336 0.024303 -8.164906 -0.000461 -0.018505 0.007418 0.999801
1666059849.550297 0.630386 0.117764 -8.638691 0.006751 -0.016940 0.007065 0.999809
1666059850.050256 0.645993 0.108861 -9.188794 0.003277 -0.008460 0.005889 0.999942
1666059850.550225 0.604856 0.134478 -9.724206 0.008940 -0.002882 0.008739 0.999918
1666059851.050201 0.551388 0.084770 -10.351853 0.002689 0.008222 0.009248 0.999920
1666059851.550200 0.581420 0.118295 -10.791247 0.016684 0.010742 0.012704 0.999722
1666059852.050220 0.653332 0.193278 -11.157537 0.007882 0.012096 0.011938 0.999825
1666059852.550268 0.697142 0.168265 -11.650923 -0.006271 0.013710 0.012150 0.999813
1666059853.050314 0.665187 0.117968 -12.257682 -0.006628 0.019582 0.013385 0.999697
1666059853.550332 0.571940 0.054288 -12.857308 -0.009417 0.028994 0.009646 0.999489
1666059854.050314 0.491747 0.051991 -13.392481 -0.006751 0.036215 0.005937 0.999304
1666059854.550314 0.435083 0.133549 -13.848859 -0.004888 0.042820 0.003297 0.999065
1666059855.050314 0.320914 -0.005151 -14.425813 -0.015073 0.052640 0.008205 0.998466
1666059855.550314 0.294172 0.019678 -14.854965 -0.012949 0.062746 0.008063 0.997913
1666059856.050314 0.227405 -0.010555 -15.340810 -0.018672 0.069702 0.009384 0.997349
1666059856.550314 0.146914 -0.034174 -15.837745 -0.017353 0.078612 0.010771 0.996696
1666059857.050314 0.011082 -0.074668 -16.391137 -0.017982 0.086754 0.008710 0.996029
1666059857.550314 -0.126057 -0.099983 -16.919597 -0.019190 0.097090 0.005728 0.995074
1666059858.050314 -0.261518 -0.120355 -17.439883 -0.023185 0.106307 0.003648 0.994056
1666059858.550314 -0.398703 -0.142652 -17.977046 -0.025346 0.114254 0.003442 0.993122
1666059859.050272 -0.411395 -0.120018 -18.398115 -0.017363 0.128117 0.003086 0.991602
1666059859.550258 -0.504694 -0.127255 -18.902440 -0.008580 0.134950 0.006086 0.990797
1666059860.050258 -0.725956 -0.185276 -19.318520 -0.031340 0.150781 0.011041 0.988009
1666059860.550273 -0.858377 -0.204576 -19.749345 -0.019721 0.158671 0.007252 0.987108
1666059861.050281 -1.031739 -0.228925 -20.169552 -0.023724 0.202590 0.007396 0.978948
1666059861.550281 -1.215083 -0.262961 -20.470813 -0.019821 0.261174 0.003816 0.965081
1666059862.050281 -1.315820 -0.260851 -20.660575 -0.027625 0.301103 0.006319 0.953171
1666059862.550281 -1.412191 -0.260145 -20.783058 -0.028089 0.359817 0.003513 0.932593
1666059863.050281 -1.496923 -0.268136 -20.953114 -0.031352 0.418663 0.003715 0.907593
1666059863.550236 -1.687359 -0.284248 -21.108574 -0.036902 0.498249 -0.005496 0.866231
1666059864.050188 -1.793811 -0.285659 -21.177155 -0.040471 0.573337 -0.007819 0.818282
1666059864.550155 -2.012766 -0.298209 -21.252731 -0.050761 0.634427 -0.008778 0.771265
1666059865.050133 -2.320655 -0.303264 -21.288843 -0.064000 0.705780 -0.014834 0.705379
1666059865.550129 -2.646507 -0.326149 -21.306923 -0.060194 0.769970 -0.020566 0.634902
1666059866.050129 -3.001287 -0.325564 -21.244696 -0.059464 0.801832 -0.021864 0.594182
1666059866.550129 -3.466602 -0.338152 -21.084195 -0.061429 0.799720 -0.026635 0.596628
1666059867.050129 -3.880771 -0.366319 -20.960433 -0.055903 0.799121 -0.038581 0.597321
1666059867.550129 -4.336883 -0.364489 -20.837046 -0.056166 0.796131 -0.038349 0.601290
1666059868.050129 -4.812277 -0.413825 -20.703582 -0.055263 0.791711 -0.037868 0.607211
1666059868.550129 -5.242250 -0.423056 -20.573172 -0.058867 0.788202 -0.029072 0.611904
1666059869.050129 -5.707274 -0.425707 -20.462155 -0.054589 0.778004 -0.029943 0.625167
1666059869.550129 -6.148752 -0.429465 -20.354673 -0.056106 0.773828 -0.030054 0.630189
1666059870.050129 -6.640955 -0.452373 -20.217962 -0.052624 0.770910 -0.036805 0.633699
1666059870.550129 -7.127520 -0.462297 -20.109637 -0.050620 0.768756 -0.038653 0.636363
1666059871.050129 -7.629236 -0.474498 -19.983908 -0.047592 0.767890 -0.043385 0.637336
1666059871.550129 -8.090754 -0.460735 -19.870174 -0.047089 0.769058 -0.043017 0.635989
1666059872.050129 -8.520258 -0.452321 -19.785881 -0.047652 0.767327 -0.042086 0.638096
1666059872.550129 -9.009221 -0.417052 -19.701260 -0.043703 0.767103 -0.046461 0.638345
1666059873.050119 -9.517971 -0.437389 -19.580774 -0.048928 0.765460 -0.039939 0.640377
1666059873.550102 -9.984826 -0.443332 -19.476322 -0.049280 0.762128 -0.035108 0.644593
1666059874.050094 -10.512847 -0.431977 -19.382674 -0.043341 0.759843 -0.041175 0.647352
1666059874.550086 -10.994504 -0.433273 -19.299393 -0.044659 0.759963 -0.038535 0.647284
1666059875.050081 -11.506592 -0.448363 -19.199619 -0.051289 0.761287 -0.035275 0.645420
1666059875.550081 -12.033990 -0.462706 -19.109416 -0.051857 0.761979 -0.035208 0.644561
1666059876.050081 -12.543990 -0.480213 -18.998492 -0.054490 0.764602 -0.035103 0.641235
1666059876.550081 -13.045568 -0.502149 -18.913628 -0.050702 0.772677 -0.035643 0.631766
1666059877.050081 -13.422459 -0.527166 -18.823474 -0.052752 0.800317 -0.033106 0.596334
1666059877.550081 -13.871554 -0.543707 -18.684977 -0.049186 0.833625 -0.038923 0.548757
1666059878.050081 -14.276404 -0.560889 -18.443298 -0.048246 0.853014 -0.040222 0.518094
1666059878.550081 -14.667588 -0.548283 -18.199794 -0.043292 0.858907 -0.043809 0.508415
1666059879.050081 -15.134914 -0.542115 -17.892632 -0.049552 0.863255 -0.045875 0.500231
1666059879.550081 -15.517302 -0.487938 -17.650340 -0.046794 0.880885 -0.049288 0.468426
1666059880.050081 -15.832059 -0.452258 -17.397938 -0.044999 0.897340 -0.051405 0.436020
1666059880.550081 -16.167889 -0.384949 -17.130407 -0.045642 0.913316 -0.053092 0.401187
1666059881.050081 -16.516631 -0.302007 -16.828744 -0.042631 0.924371 -0.057578 0.374707
1666059881.550081 -16.748670 -0.220646 -16.538834 -0.041279 0.931129 -0.057008 0.357834
1666059882.050094 -16.936008 -0.147223 -16.281974 -0.032452 0.948492 -0.061253 0.309124
1666059882.550107 -17.212570 -0.092514 -15.874651 -0.031763 0.952545 -0.064228 0.295844
1666059883.050113 -17.455310 -0.040282 -15.479106 -0.034704 0.952789 -0.061425 0.295324
1666059883.550118 -17.743296 0.022624 -15.025053 -0.035206 0.953072 -0.063762 0.293852
1666059884.050120 -18.067163 0.080910 -14.531576 -0.036503 0.953327 -0.063723 0.292874
1666059884.550120 -18.357634 0.192495 -14.108379 -0.041915 0.953830 -0.064794 0.290264
1666059885.050120 -18.689366 0.101537 -13.941154 -0.051296 0.951684 -0.068259 0.294968
1666059885.550120 -18.928764 0.176755 -13.517100 -0.050232 0.953123 -0.063175 0.291619
1666059886.050120 -19.110900 0.128565 -13.073032 -0.052044 0.956140 -0.061187 0.281681
1666059886.550120 -19.351644 0.170725 -12.733718 -0.049826 0.967562 -0.063760 0.239322
1666059887.050152 -19.564516 0.221768 -12.407002 -0.049739 0.970379 -0.068653 0.226223
1666059887.550158 -19.783178 0.248813 -12.042756 -0.046603 0.971951 -0.065826 0.220920
1666059888.050154 -19.936955 0.368620 -11.622450 -0.048768 0.973589 -0.068408 0.212288
1666059888.550163 -20.120246 0.399028 -11.241257 -0.046546 0.978366 -0.071708 0.188390
1666059889.050166 -20.288410 0.517816 -10.895163 -0.043118 0.984242 -0.072191 0.155553
1666059889.550215 -20.485132 0.528972 -10.462782 -0.046204 0.986038 -0.070571 0.143575
1666059890.050238 -20.621444 0.535908 -10.062560 -0.046183 0.987451 -0.066835 0.135429
1666059890.550249 -20.741782 0.627012 -9.690932 -0.046030 0.988633 -0.074818 0.122014
1666059891.050242 -20.805931 0.663750 -9.284235 -0.043498 0.989804 -0.076545 0.111972
1666059891.550242 -20.829175 0.733921 -8.774087 -0.040103 0.990703 -0.078546 0.103587
1666059892.050242 -20.942712 0.839424 -8.326472 -0.036962 0.991188 -0.079662 0.099169
1666059892.550242 -21.040279 0.932796 -7.852014 -0.033810 0.991479 -0.082923 0.094604
1666059893.050242 -21.153489 0.992593 -7.341862 -0.033472 0.991801 -0.083741 0.090547
1666059893.550281 -21.150652 0.968377 -6.802750 -0.035009 0.992988 -0.079920 0.079756
1666059894.050343 -21.243924 1.013288 -6.287120 -0.035544 0.994032 -0.076383 0.069305
1666059894.550367 -21.335658 1.061993 -5.779266 -0.033870 0.995939 -0.075648 0.035143
1666059895.050370 -21.331076 1.135919 -5.295191 -0.033987 0.996269 -0.076643 0.020469
1666059895.550362 -21.359153 1.199061 -4.750490 -0.034372 0.996714 -0.073242 -0.003903
1666059896.050362 -21.342265 1.254354 -4.207988 -0.027632 0.996281 -0.074846 -0.032551
1666059896.550362 -21.288942 1.284193 -3.670466 -0.025446 0.996208 -0.069782 -0.045312
1666059897.050344 -21.239560 1.340098 -3.152142 -0.022633 0.995463 -0.074133 -0.055184
1666059897.550263 -21.188193 1.418335 -2.653699 -0.017704 0.993443 -0.074140 -0.085207
1666059898.050213 -21.090675 1.506288 -2.111492 -0.015231 0.984573 -0.087458 -0.150782
1666059898.550195 -20.934569 1.570301 -1.652268 -0.007264 0.977370 -0.065664 -0.200954
1666059899.050204 -20.787935 1.633230 -1.195427 0.007049 0.967325 -0.059238 -0.246420
1666059899.550204 -20.500617 1.672156 -0.811997 0.010064 0.942486 -0.056178 -0.329337
1666059900.050204 -20.268799 1.700220 -0.527420 0.016904 0.911649 -0.054723 -0.406959
1666059900.550204 -20.048931 1.710017 -0.338613 0.025452 0.869238 -0.047631 -0.491435
1666059901.050204 -19.764690 1.696465 -0.253857 -0.027650 -0.793051 0.046534 0.606746
1666059901.550204 -19.517103 1.694897 -0.173549 -0.038759 -0.734954 0.037220 0.675984
1666059902.050204 -19.162159 1.727313 -0.186882 -0.035875 -0.683210 0.034883 0.728506
1666059902.550204 -18.793738 1.759772 -0.189967 -0.038175 -0.668419 0.036988 0.741883
1666059903.050204 -18.413240 1.757789 -0.232592 -0.036260 -0.650806 0.033842 0.757622
1666059903.550204 -18.016836 1.777745 -0.269045 -0.038523 -0.641328 0.036844 0.765413
1666059904.050204 -17.610959 1.811445 -0.334304 -0.038699 -0.636200 0.038780 0.769577
1666059904.550204 -17.179050 1.824888 -0.414071 -0.041301 -0.630330 0.039050 0.774244
1666059905.050204 -16.667320 1.849729 -0.497725 -0.037321 -0.628786 0.040588 0.775621
1666059905.550204 -16.167245 1.892845 -0.596999 -0.036711 -0.626664 0.040757 0.777357
1666059906.050204 -15.668743 1.974701 -0.742421 -0.035665 -0.631025 0.045017 0.773633
1666059906.550204 -15.231107 1.971990 -0.964762 -0.039869 -0.633336 0.046179 0.771469
1666059907.050204 -14.739065 2.003428 -1.073093 -0.035429 -0.649024 0.050255 0.758279
1666059907.550204 -14.223670 2.053056 -1.207756 -0.034345 -0.651112 0.051805 0.756432
1666059908.050204 -13.709112 2.055701 -1.342135 -0.037617 -0.651871 0.053889 0.755476
1666059908.550204 -13.171113 2.039424 -1.493882 -0.041000 -0.650842 0.054942 0.756112
1666059909.050204 -12.665870 2.030692 -1.565758 -0.037573 -0.651472 0.057784 0.755535
1666059909.550204 -12.148479 2.061518 -1.604633 -0.037271 -0.653322 0.056698 0.754034
1666059910.050204 -11.598765 2.126164 -1.663804 -0.036931 -0.655907 0.057757 0.751722
1666059910.550204 -11.077044 2.106527 -1.820625 -0.040044 -0.652731 0.060490 0.754108
1666059911.050204 -10.559970 2.100735 -1.922815 -0.040489 -0.651782 0.060835 0.754878
1666059911.550204 -10.071609 2.126932 -2.018753 -0.041483 -0.649618 0.062822 0.756524
1666059912.050249 -9.540660 2.161136 -2.109798 -0.042961 -0.649164 0.061563 0.756935
1666059912.550257 -8.956449 2.208843 -2.176395 -0.039901 -0.648576 0.062585 0.757522
1666059913.050264 -8.416693 2.180547 -2.333739 -0.042680 -0.646598 0.061597 0.759141
1666059913.550258 -7.868705 2.205788 -2.417170 -0.040412 -0.659910 0.064467 0.747482
1666059914.050258 -7.308654 2.237837 -2.515952 -0.038525 -0.666323 0.066872 0.741659
1666059914.550258 -6.769168 2.301964 -2.623842 -0.037690 -0.666344 0.067520 0.741624
1666059915.050217 -6.194236 2.324946 -2.691249 -0.036821 -0.666223 0.069790 0.741566
1666059915.550192 -5.612726 2.282483 -2.802182 -0.042523 -0.665202 0.067892 0.742353
1666059916.050184 -5.025515 2.291214 -2.891392 -0.040014 -0.664969 0.069633 0.742541
1666059916.550173 -4.427842 2.330586 -2.955752 -0.040666 -0.665052 0.071828 0.742221
1666059917.050168 -3.840950 2.355344 -3.029109 -0.040107 -0.664640 0.072663 0.742539
1666059917.550168 -3.248348 2.402465 -3.087603 -0.039488 -0.664971 0.072332 0.742309
1666059918.050168 -2.652585 2.434591 -3.168202 -0.037936 -0.663637 0.071574 0.743656
1666059918.550168 -2.012493 2.447815 -3.227656 -0.041135 -0.662947 0.071532 0.744105
1666059919.050168 -1.338102 2.470170 -3.334799 -0.039646 -0.660719 0.068891 0.746413
1666059919.550168 -0.761654 2.473972 -3.415479 -0.038662 -0.659234 0.068801 0.747785
1666059920.050168 -0.152892 2.496997 -3.496055 -0.038342 -0.657914 0.069950 0.748857
1666059920.550168 0.438541 2.512758 -3.567971 -0.036968 -0.656103 0.068950 0.750605
1666059921.050150 1.011269 2.556275 -3.635631 -0.037756 -0.655108 0.067825 0.751537
1666059921.550115 1.647560 2.579733 -3.726374 -0.036852 -0.632586 0.070184 0.770423
1666059922.050101 2.096864 2.563247 -3.814848 -0.044099 -0.563003 0.057137 0.823297
1666059922.550104 12.029088 2.966660 -8.926854 -0.448441 0.090042 0.882942 -0.105857
1666059923.050116 12.369088 2.926538 -9.120713 -0.522952 0.080585 0.840771 -0.114591
1666059923.550158 12.616957 2.926567 -9.249137 -0.576965 0.070960 0.805142 -0.117569
1666059924.050186 12.899325 2.881535 -9.394166 -0.600924 0.076217 0.786094 -0.123036
1666059924.550200 13.179653 2.898556 -9.425964 -0.682373 0.063149 0.717258 -0.126177
1666059925.050200 13.313821 2.915924 -9.454288 0.760382 -0.046280 -0.633000 0.137794
1666059925.550200 13.675701 2.943998 -9.382315 0.776378 -0.049472 -0.616488 0.121376
1666059926.050200 13.968912 2.986111 -9.275784 0.825161 -0.024500 -0.550296 0.125232
1666059926.550200 14.233072 3.018738 -9.182312 0.834822 -0.010255 -0.531326 0.143732
1666059927.050245 14.427695 2.962120 -9.134510 0.852673 -0.021385 -0.503368 0.138245
1666059927.550282 14.697740 3.023871 -8.966896 0.857001 -0.022685 -0.497027 0.134162
1666059928.050329 15.012748 3.096586 -8.740741 0.862025 -0.023798 -0.489848 0.128044
1666059928.550355 15.286974 3.088492 -8.627457 0.866418 -0.028794 -0.484449 0.117471
1666059929.050356 15.410459 3.100681 -8.565849 0.867292 -0.028753 -0.482726 0.118128
1666059929.550356 15.452634 3.104400 -8.543155 0.866967 -0.029026 -0.483381 0.117766
1666059930.050356 15.495931 3.108196 -8.519456 0.866759 -0.029341 -0.483835 0.117351
1666059930.550356 15.535870 3.105243 -8.508447 0.866284 -0.029842 -0.484804 0.116733
1666059931.050356 15.577429 3.100632 -8.500377 0.865697 -0.030386 -0.485983 0.116045
1666059931.550356 15.631843 3.099514 -8.487893 0.865149 -0.030821 -0.487049 0.115545
1666059932.050356 15.685346 3.101819 -8.482902 0.864395 -0.031176 -0.488422 0.115296
1666059932.550356 15.721508 3.101044 -8.476251 0.863796 -0.031698 -0.489546 0.114875
