1666059836.452089 0.001958 0.001168 -0.026852 0.000311 -0.000311 0.000125 1.000000
1666059836.551674 0.006870 -0.000474 -0.058040 0.000131 -0.000941 0.000098 1.000000
1666059836.651352 0.009243 0.002346 -0.092019 0.000471 -0.001363 -0.000256 0.999999
1666059836.751101 0.012076 0.006666 -0.122812 0.001078 -0.001967 -0.000200 0.999997
1666059836.850908 0.012812 0.006292 -0.150739 0.001236 -0.001961 0.000020 0.999997
1666059836.950758 0.015313 0.006303 -0.171931 0.001247 -0.002269 0.000230 0.999997
1666059837.050643 0.015053 0.006400 -0.198071 0.001409 -0.002188 0.000156 0.999997
1666059837.150556 0.018589 0.006646 -0.227706 0.001780 -0.002565 0.000198 0.999995
1666059837.250489 0.018861 0.006275 -0.249886 0.001799 -0.002635 0.000140 0.999995
1666059837.350441 0.020937 0.008009 -0.274079 0.002218 -0.003126 0.000084 0.999993
1666059837.450401 0.020692 0.007272 -0.297742 0.002402 -0.003244 0.000041 0.999992
1666059837.550370 0.024308 0.008082 -0.326706 0.002641 -0.003734 0.000311 0.999989
1666059837.650346 0.024323 0.008061 -0.359736 0.002864 -0.003900 0.000247 0.999988
1666059837.750328 0.026941 0.007125 -0.382397 0.002843 -0.004123 0.000587 0.999987
1666059837.850313 0.031101 0.005403 -0.412563 0.002936 -0.004627 0.000944 0.999985
1666059837.950303 0.033389 0.005187 -0.435464 0.003044 -0.004913 0.000946 0.999983
1666059838.050294 0.033200 0.005037 -0.464080 0.003172 -0.004932 0.000875 0.999982
1666059838.150288 0.036764 0.003957 -0.490326 0.003210 -0.005352 0.001145 0.999980
1666059838.250283 0.041084 0.003201 -0.516381 0.003240 -0.005871 0.001542 0.999976
1666059838.350278 0.044638 0.002750 -0.540185 0.003369 -0.006137 0.001640 0.999974
1666059838.450278 0.045675 0.000951 -0.570437 0.003415 -0.006355 0.001647 0.999973
1666059838.550278 0.047853 0.000236 -0.595775 0.003546 -0.006734 0.001825 0.999969
1666059838.650278 0.051125 0.000063 -0.625580 0.003792 -0.007198 0.001905 0.999965
1666059838.750278 0.052711 0.000676 -0.648476 0.003972 -0.007572 0.001883 0.999962
1666059838.850278 0.053085 0.000469 -0.671240 0.004079 -0.007705 0.001848 0.999960
1666059838.950278 0.056829 -0.000110 -0.695628 0.004087 -0.008219 0.002079 0.999956
1666059839.050278 0.058976 0.000216 -0.717003 0.004246 -0.008548 0.002088 0.999952
1666059839.150278 0.060306 0.001520 -0.736362 0.004559 -0.008869 0.002114 0.999948
1666059839.250278 0.061366 0.000631 -0.759191 0.004599 -0.008995 0.002341 0.999946
1666059839.350278 0.064264 -0.000861 -0.785230 0.004534 -0.009405 0.002518 0.999942
1666059839.450278 0.065141 -0.002592 -0.809213 0.004412 -0.009491 0.002642 0.999942
1666059839.550278 0.067742 -0.003197 -0.836016 0.004451 -0.009847 0.002606 0.999938
1666059839.650278 0.072700 -0.001872 -0.859279 0.004795 -0.010552 0.002670 0.999929
1666059839.750278 0.072564 -0.001961 -0.883725 0.004909 -0.010557 0.002586 0.999929
1666059839.850278 0.071277 -0.000760 -0.918604 0.005262 -0.010298 0.002428 0.999930
1666059839.950278 0.074661 -0.000707 -0.941068 0.005216 -0.011434 0.002439 0.999918
1666059840.050278 0.073886 -0.001597 -0.968987 0.005248 -0.011100 0.002446 0.999922
1666059840.150278 0.074740 -0.002345 -1.003634 0.004583 -0.009731 0.002807 0.999938
1666059840.250278 0.080327 -0.000842 -1.046523 0.002118 -0.010610 0.003188 0.999936
1666059840.350278 0.083224 -0.003737 -1.105798 0.002379 -0.010936 0.003350 0.999932
1666059840.450278 0.085422 -0.000552 -1.184872 0.003538 -0.010407 0.003050 0.999935
1666059840.550278 0.091550 -0.001086 -1.262578 0.004823 -0.010131 0.004034 0.999929
1666059840.650278 0.092124 0.001555 -1.345581 0.005039 -0.010166 0.003155 0.999931
1666059840.750278 0.095374 0.002286 -1.436200 0.004877 -0.009363 0.003078 0.999940
1666059840.850278 0.101644 0.004773 -1.534964 0.003631 -0.009041 0.002830 0.999949
1666059840.950278 0.108968 0.009442 -1.639521 0.003105 -0.009099 0.003091 0.999949
1666059841.050278 0.111837 0.011244 -1.755851 0.004152 -0.009043 0.003796 0.999943
1666059841.150278 0.116674 0.014463 -1.870547 0.004741 -0.008117 0.002701 0.999952
1666059841.250278 0.115765 0.016627 -1.985522 0.005631 -0.008745 0.002057 0.999944
1666059841.350278 0.119756 0.017362 -2.094124 0.005420 -0.008407 0.002522 0.999947
1666059841.450278 0.121992 0.013558 -2.210456 0.006024 -0.007442 0.003078 0.999949
1666059841.550278 0.124160 0.019840 -2.315599 0.006372 -0.008391 0.002510 0.999941
1666059841.650278 0.127841 0.020836 -2.420538 0.005510 -0.006989 0.002558 0.999957
1666059841.750268 0.136415 0.021210 -2.539820 0.004936 -0.006766 0.002813 0.999961
1666059841.850255 0.142395 0.026258 -2.667807 0.005116 -0.006571 0.002945 0.999961
1666059841.950246 0.143962 0.019772 -2.820434 0.011156 -0.005614 0.003896 0.999914
1666059842.050238 0.147751 0.017238 -2.985621 0.022265 -0.004771 0.004172 0.999732
1666059842.150232 0.145824 0.028347 -3.135988 0.019219 -0.004527 0.002880 0.999801
1666059842.250228 0.145537 0.045479 -3.268963 0.012903 -0.004519 0.000128 0.999907
1666059842.350225 0.146092 0.053669 -3.408404 0.013470 -0.004249 0.000925 0.999900
1666059842.450226 0.156072 0.057050 -3.517884 0.000008 -0.003706 0.003541 0.999987
1666059842.550227 0.153262 0.049552 -3.638796 -0.006970 -0.003359 0.002819 0.999966
1666059842.650233 0.155351 0.050649 -3.754226 -0.009118 -0.002614 0.002937 0.999951
1666059842.750237 0.157016 0.047352 -3.879589 -0.004933 -0.000752 0.003565 0.999981
1666059842.850242 0.147883 0.044712 -3.997116 -0.008452 -0.001217 0.000926 0.999963
1666059842.950248 0.153201 0.046614 -4.103169 -0.006909 -0.000536 0.003491 0.999970
1666059843.050255 0.156136 0.040205 -4.242769 -0.007791 0.002458 0.004359 0.999957
1666059843.150263 0.157232 0.039334 -4.400896 -0.004017 0.001814 0.002939 0.999986
1666059843.250271 0.166976 0.037281 -4.578570 0.002494 0.003497 0.006653 0.999969
1666059843.350281 0.169695 0.038988 -4.767178 0.008158 0.002516 0.008565 0.999927
1666059843.450294 0.170966 0.043113 -4.929560 0.007764 0.004385 0.007927 0.999929
1666059843.550307 0.173460 0.049587 -5.085004 0.006844 0.003952 0.007797 0.999938
1666059843.650318 0.179591 0.058141 -5.239568 0.008257 0.002828 0.008353 0.999927
1666059843.750323 0.182134 0.066387 -5.388863 0.008800 0.004187 0.007653 0.999923
1666059843.850323 0.183668 0.067504 -5.542134 0.011781 0.004295 0.007858 0.999890
1666059843.950323 0.178057 0.063592 -5.689291 0.012786 0.005827 0.008103 0.999868
1666059844.050323 0.182320 0.067302 -5.828331 0.015219 0.006067 0.008111 0.999833
1666059844.150323 0.181557 0.071293 -5.968667 0.017126 0.005302 0.007776 0.999809
1666059844.250323 0.176461 0.069574 -6.116986 0.016851 0.005483 0.007302 0.999816
1666059844.350323 0.176199 0.077914 -6.251671 0.014171 0.001670 0.007183 0.999872
1666059844.450323 0.179238 0.083481 -6.413010 0.017424 0.001885 0.008023 0.999814
1666059844.550323 0.181200 0.093342 -6.568526 0.020226 0.001372 0.007866 0.999764
1666059844.650323 0.181988 0.101600 -6.724059 0.022992 -0.002211 0.007907 0.999702
1666059844.750323 0.179399 0.112644 -6.863336 0.020940 -0.006134 0.007099 0.999737
1666059844.850323 0.183791 0.123823 -7.001596 0.021344 -0.007809 0.006591 0.999720
1666059844.950323 0.186365 0.133130 -7.134243 0.020074 -0.009435 0.005736 0.999738
1666059845.050323 0.191493 0.135237 -7.282228 0.018871 -0.010798 0.006358 0.999743
1666059845.150323 0.197056 0.143896 -7.426100 0.018522 -0.011911 0.006811 0.999734
1666059845.250323 0.201038 0.152516 -7.570764 0.018572 -0.012065 0.005559 0.999739
1666059845.350323 0.202218 0.160103 -7.714554 0.017861 -0.013114 0.005539 0.999739
1666059845.450323 0.211382 0.163289 -7.864925 0.016291 -0.014693 0.006423 0.999739
1666059845.550323 0.214526 0.170486 -8.025446 0.018457 -0.018455 0.004600 0.999649
1666059845.650323 0.214632 0.176031 -8.188991 0.020326 -0.030103 0.001794 0.999338
1666059845.750323 0.231091 0.182687 -8.336084 0.017638 -0.044053 0.003670 0.998867
1666059845.850323 0.255677 0.191320 -8.479417 0.016344 -0.045399 0.008344 0.998800
1666059845.950323 0.259807 0.198985 -8.629278 0.017267 -0.047637 0.004231 0.998707
1666059846.050323 0.273771 0.205633 -8.779089 0.014405 -0.047326 0.003264 0.998770
1666059846.150323 0.295709 0.211933 -8.930221 0.014825 -0.049762 0.005251 0.998637
1666059846.250323 0.311164 0.222201 -9.085453 0.015068 -0.049662 0.005182 0.998639
1666059846.350323 0.328843 0.228497 -9.238359 0.014723 -0.050071 0.005224 0.998623
1666059846.450323 0.351710 0.236894 -9.394479 0.017034 -0.050668 0.007560 0.998542
1666059846.550323 0.360909 0.245828 -9.535686 0.014217 -0.051052 0.005821 0.998578
1666059846.650330 0.371576 0.258661 -9.670978 0.013994 -0.053193 0.003012 0.998482
1666059846.750350 0.384392 0.262252 -9.802810 0.009170 -0.053451 0.004171 0.998520
1666059846.850365 0.405226 0.252037 -9.967185 0.020965 -0.056023 0.006639 0.998187
1666059846.950379 0.419359 0.264321 -10.112473 0.017990 -0.056387 0.006690 0.998224
1666059847.050388 0.444152 0.269606 -10.274743 0.023563 -0.054529 0.007807 0.998204
1666059847.150398 0.454053 0.276765 -10.431124 0.028580 -0.053464 0.004447 0.998151
1666059847.250406 0.462443 0.290447 -10.565081 0.025991 -0.053762 0.002908 0.998211
1666059847.350410 0.491198 0.300625 -10.693235 0.018005 -0.052593 0.005560 0.998438
1666059847.450414 0.504281 0.302458 -10.836494 0.022557 -0.051962 0.004803 0.998383
1666059847.550416 0.518328 0.315157 -10.955266 0.019573 -0.053094 0.002589 0.998394
1666059847.650416 0.537189 0.320045 -11.084422 0.021434 -0.051562 0.003983 0.998432
1666059847.750414 0.550310 0.325958 -11.206457 0.020242 -0.051481 0.002816 0.998465
1666059847.850411 0.565514 0.331240 -11.328368 0.018031 -0.051625 0.001843 0.998502
1666059847.950407 0.589775 0.334541 -11.466180 0.020680 -0.048571 0.004257 0.998597
1666059848.050402 0.600507 0.343257 -11.609303 0.019989 -0.047299 0.002680 0.998677
1666059848.150396 0.615450 0.348002 -11.762743 0.019087 -0.047865 0.002730 0.998668
1666059848.250389 0.629389 0.354022 -11.923349 0.022225 -0.046973 0.003422 0.998643
1666059848.350381 0.641339 0.362318 -12.075653 0.022380 -0.046351 0.003294 0.998669
1666059848.450374 0.659334 0.364821 -12.230901 0.022420 -0.044987 0.004994 0.998723
1666059848.550364 0.675784 0.374612 -12.375995 0.024350 -0.045401 0.004981 0.998660
1666059848.650354 0.690624 0.389618 -12.506214 0.026387 -0.042262 0.002617 0.998755
1666059848.750354 0.710535 0.399482 -12.627804 0.031748 -0.036494 0.003774 0.998822
1666059848.850354 0.720695 0.405820 -12.717101 0.026017 -0.032488 0.004029 0.999125
1666059848.950354 0.726256 0.407697 -12.813276 0.021753 -0.034954 0.004266 0.999143
1666059849.050354 0.737493 0.420046 -12.912068 0.019211 -0.031270 0.005102 0.999313
1666059849.150354 0.744201 0.420604 -13.040824 0.018493 -0.029195 0.004851 0.999391
1666059849.250336 0.754433 0.424716 -13.180217 0.019656 -0.028427 0.005460 0.999388
1666059849.350321 0.764227 0.429096 -13.335747 0.023006 -0.027169 0.005494 0.999351
1666059849.450309 0.775669 0.434051 -13.486348 0.022875 -0.027521 0.005691 0.999343
1666059849.550297 0.784954 0.443323 -13.632784 0.022031 -0.026874 0.005721 0.999380
1666059849.650288 0.793594 0.448956 -13.785480 0.021377 -0.025914 0.006589 0.999414
1666059849.750278 0.796118 0.455206 -13.934051 0.020222 -0.022900 0.005271 0.999519
1666059849.850271 0.800808 0.464195 -14.084428 0.018627 -0.022310 0.003693 0.999571
1666059849.950263 0.806235 0.469609 -14.249300 0.019140 -0.018859 0.003484 0.999633
1666059850.050256 0.811349 0.476524 -14.415680 0.019808 -0.017588 0.004076 0.999641
1666059850.150248 0.824598 0.485793 -14.584853 0.020488 -0.016876 0.006251 0.999628
1666059850.250242 0.829514 0.491463 -14.754229 0.023095 -0.015739 0.005904 0.999592
1666059850.350235 0.835729 0.505474 -14.910705 0.023657 -0.014603 0.004077 0.999605
1666059850.450231 0.844901 0.517759 -15.073534 0.025395 -0.015006 0.004317 0.999556
1666059850.550225 0.851196 0.524984 -15.233406 0.025257 -0.015725 0.006312 0.999537
1666059850.650220 0.856532 0.533898 -15.382001 0.024983 -0.013254 0.004873 0.999588
1666059850.750215 0.869466 0.537504 -15.531239 0.025084 -0.014789 0.007507 0.999548
1666059850.850210 0.879710 0.542371 -15.672528 0.024011 -0.011833 0.008676 0.999604
1666059850.950205 0.880283 0.550799 -15.818434 0.024298 -0.011625 0.006875 0.999614
1666059851.050201 0.882061 0.561811 -15.976872 0.023606 -0.009507 0.005761 0.999660
1666059851.150200 0.886011 0.573270 -16.118424 0.016432 -0.009871 0.007572 0.999788
1666059851.250200 0.903305 0.569184 -16.293924 0.026406 -0.006558 0.011903 0.999559
1666059851.350199 0.906052 0.581002 -16.451652 0.026185 -0.007437 0.010773 0.999571
1666059851.450200 0.910037 0.588789 -16.599440 0.026889 -0.007085 0.009067 0.999572
1666059851.550200 0.918611 0.603383 -16.767810 0.036629 -0.006889 0.010829 0.999247
1666059851.650200 0.927192 0.613475 -16.910158 0.027519 -0.005760 0.012329 0.999529
1666059851.750200 0.926210 0.625202 -17.072337 0.027873 -0.005663 0.010474 0.999541
1666059851.850199 0.929681 0.634829 -17.217067 0.027437 -0.004669 0.010557 0.999557
1666059851.950207 0.937700 0.646413 -17.369125 0.025835 -0.004604 0.011778 0.999586
1666059852.050220 0.944937 0.658098 -17.517822 0.025307 -0.003944 0.012136 0.999598
1666059852.150232 0.946299 0.664782 -17.662565 0.022331 -0.003291 0.012148 0.999671
1666059852.250242 0.943836 0.671867 -17.814120 0.021188 -0.002398 0.012045 0.999700
1666059852.350251 0.950612 0.677485 -17.963012 0.019141 -0.001769 0.013143 0.999729
1666059852.450259 0.950035 0.685854 -18.111694 0.016654 -0.000793 0.011888 0.999790
1666059852.550268 0.953375 0.692344 -18.259838 0.014017 -0.000344 0.011996 0.999830
1666059852.650278 0.960610 0.693107 -18.415526 0.013099 0.000239 0.013968 0.999817
1666059852.750289 0.960553 0.696991 -18.571662 0.011627 0.001527 0.014057 0.999832
1666059852.850299 0.960712 0.696081 -18.734368 0.013402 0.002680 0.013751 0.999812
1666059852.950308 0.957544 0.694142 -18.906096 0.014593 0.003319 0.013878 0.999792
1666059853.050314 0.960223 0.697576 -19.066562 0.014642 0.004073 0.014243 0.999783
1666059853.150321 0.959974 0.701279 -19.231358 0.015378 0.004972 0.013287 0.999781
1666059853.250325 0.955150 0.706023 -19.389165 0.014166 0.005573 0.012986 0.999800
1666059853.350329 0.960174 0.707814 -19.548958 0.013916 0.005661 0.015056 0.999774
1666059853.450332 0.957997 0.713008 -19.702241 0.014552 0.006435 0.014392 0.999770
1666059853.550332 0.953659 0.719586 -19.848676 0.014383 0.008077 0.013123 0.999778
1666059853.650330 0.950093 0.721961 -20.009009 0.013075 0.008508 0.012472 0.999801
1666059853.750325 0.953558 0.724408 -20.170129 0.013700 0.009427 0.013975 0.999764
1666059853.850320 0.947730 0.728730 -20.328960 0.014975 0.010407 0.012613 0.999754
1666059853.950315 0.946033 0.734495 -20.485462 0.015191 0.010438 0.012134 0.999756
1666059854.050314 0.951890 0.738712 -20.642142 0.016211 0.011168 0.012564 0.999727
1666059854.150315 0.956183 0.745831 -20.795267 0.016376 0.011753 0.012883 0.999714
1666059854.250314 0.949354 0.751730 -20.949305 0.014925 0.013953 0.011769 0.999722
1666059854.350314 0.946166 0.760977 -21.102707 0.014032 0.013688 0.010933 0.999748
1666059854.450315 0.943889 0.764377 -21.256998 0.015258 0.014835 0.011341 0.999709
1666059854.550314 0.943404 0.771682 -21.402813 0.014341 0.015178 0.011306 0.999718
1666059854.650315 0.943982 0.775248 -21.549251 0.012518 0.015566 0.012341 0.999724
1666059854.750314 0.941948 0.781268 -21.695611 0.013567 0.017025 0.013248 0.999675
1666059854.850314 0.937234 0.789970 -21.844130 0.012486 0.018535 0.011940 0.999679
1666059854.950315 0.932409 0.797165 -21.999140 0.011925 0.019928 0.011429 0.999665
1666059855.050314 0.932961 0.800803 -22.156477 0.013600 0.019617 0.013566 0.999623
1666059855.150315 0.935862 0.809534 -22.311856 0.017474 0.021247 0.015138 0.999507
1666059855.250314 0.927415 0.816976 -22.448368 0.015859 0.021907 0.013767 0.999539
1666059855.350314 0.918976 0.828986 -22.581888 0.011402 0.024389 0.012219 0.999563
1666059855.450315 0.911268 0.838926 -22.727687 0.008648 0.027213 0.012212 0.999518
1666059855.550314 0.909421 0.838915 -22.886809 0.015776 0.029665 0.013435 0.999345
1666059855.650315 0.903831 0.849456 -23.042208 0.016478 0.030748 0.013154 0.999305
1666059855.750314 0.895142 0.857015 -23.199639 0.016516 0.030754 0.012017 0.999318
1666059855.850314 0.884467 0.867604 -23.358642 0.019516 0.033127 0.012873 0.999178
1666059855.950315 0.878545 0.876661 -23.503056 0.015214 0.033999 0.013336 0.999217
1666059856.050314 0.870009 0.880995 -23.646626 0.012157 0.035853 0.013439 0.999193
1666059856.150315 0.859087 0.885166 -23.789036 0.011958 0.037375 0.012596 0.999150
1666059856.250314 0.858071 0.893678 -23.924844 0.013513 0.037667 0.014892 0.999088
1666059856.350314 0.855521 0.897206 -24.071404 0.013196 0.041591 0.016821 0.998906
1666059856.450315 0.843489 0.911490 -24.210237 0.014107 0.042071 0.014159 0.998915
1666059856.550314 0.838545 0.922066 -24.361590 0.015080 0.042361 0.015080 0.998875
1666059856.650315 0.822640 0.923106 -24.521041 0.015074 0.043690 0.015004 0.998819
1666059856.750314 0.801456 0.930691 -24.679071 0.016762 0.044270 0.012313 0.998803
1666059856.850314 0.795180 0.935067 -24.823406 0.015658 0.044248 0.013290 0.998809
1666059856.950315 0.781180 0.941089 -24.974073 0.014989 0.046620 0.012690 0.998720
1666059857.050314 0.769053 0.944912 -25.113734 0.016306 0.047798 0.012546 0.998645
1666059857.150315 0.759374 0.954648 -25.253842 0.017364 0.048329 0.012118 0.998607
1666059857.250314 0.743433 0.959580 -25.396623 0.016676 0.050982 0.011608 0.998493
1666059857.350314 0.727110 0.963923 -25.541629 0.018027 0.050501 0.010727 0.998504
1666059857.450315 0.709903 0.969922 -25.681008 0.015221 0.051687 0.010102 0.998496
1666059857.550314 0.698181 0.970025 -25.820862 0.015691 0.054622 0.011433 0.998318
1666059857.650315 0.681913 0.978473 -25.962097 0.012405 0.055796 0.010507 0.998310
1666059857.750314 0.666184 0.985287 -26.099510 0.011421 0.056333 0.010477 0.998292
1666059857.850314 0.647131 0.990208 -26.244365 0.015272 0.058426 0.009208 0.998132
1666059857.950315 0.630836 0.989841 -26.381407 0.012444 0.058650 0.009293 0.998158
1666059858.050314 0.612871 0.994343 -26.523559 0.013148 0.060795 0.008531 0.998027
1666059858.150315 0.592842 0.998927 -26.666821 0.014808 0.061737 0.006789 0.997960
1666059858.250314 0.571211 1.002887 -26.802352 0.013602 0.062187 0.005727 0.997955
1666059858.350314 0.552917 1.008488 -26.953329 0.011670 0.064148 0.006466 0.997851
1666059858.450315 0.540128 1.010303 -27.097975 0.011644 0.063776 0.008535 0.997860
1666059858.550314 0.518648 1.021438 -27.242277 0.012616 0.066380 0.007078 0.997690
1666059858.650315 0.500870 1.028513 -27.385475 0.012837 0.067065 0.005963 0.997648
1666059858.750299 0.479501 1.033583 -27.525501 0.013154 0.070251 0.005070 0.997430
1666059858.850287 0.465121 1.044457 -27.662900 0.014192 0.073900 0.006424 0.997144
1666059858.950279 0.446947 1.046701 -27.797709 0.015787 0.078454 0.007471 0.996765
1666059859.050272 0.429007 1.049054 -27.932212 0.018920 0.084526 0.007698 0.996212
1666059859.150267 0.412740 1.052135 -28.053718 0.014581 0.087174 0.008340 0.996051
1666059859.250262 0.393445 1.059201 -28.189971 0.016873 0.089519 0.008725 0.995804
1666059859.350260 0.370101 1.057779 -28.336502 0.020502 0.090661 0.010040 0.995620
1666059859.450259 0.342128 1.070934 -28.482101 0.022434 0.093043 0.007973 0.995377
1666059859.550258 0.315481 1.073634 -28.636733 0.028620 0.091940 0.007646 0.995324
1666059859.650259 0.298000 1.086373 -28.772919 0.024918 0.093164 0.009514 0.995293
1666059859.750259 0.281412 1.097713 -28.901362 0.026788 0.094868 0.010671 0.995072
1666059859.850259 0.257778 1.108906 -29.006005 0.013708 0.095633 0.008293 0.995288
1666059859.950258 0.227274 1.113459 -29.121960 0.008574 0.097998 0.007657 0.995120
1666059860.050258 0.220411 1.110265 -29.254577 0.008931 0.100532 0.012255 0.994818
1666059860.150259 0.204462 1.119794 -29.391730 0.009598 0.101289 0.013772 0.994715
1666059860.250261 0.169139 1.121050 -29.528651 0.011858 0.101537 0.009525 0.994716
1666059860.350263 0.143663 1.130900 -29.675467 0.020601 0.103004 0.008095 0.994435
1666059860.450268 0.118289 1.140522 -29.820241 0.025067 0.102962 0.008876 0.994330
1666059860.550273 0.089637 1.148114 -29.942171 0.021612 0.107651 0.008932 0.993914
1666059860.650280 0.062593 1.157417 -30.056630 0.023615 0.111068 0.009072 0.993491
1666059860.750281 0.046797 1.164676 -30.162112 0.022464 0.117213 0.009688 0.992805
1666059860.850281 0.022379 1.171696 -30.267740 0.019266 0.126812 0.008539 0.991703
1666059860.950281 0.004860 1.177617 -30.391811 0.018814 0.133752 0.010575 0.990780
1666059861.050281 -0.030947 1.173660 -30.506316 0.019088 0.148119 0.010178 0.988733
1666059861.150281 -0.068500 1.171644 -30.631573 0.020118 0.161945 0.008688 0.986557
1666059861.250281 -0.107481 1.176079 -30.748437 0.021028 0.173696 0.011544 0.984507
1666059861.350281 -0.148470 1.176360 -30.855881 0.021178 0.189717 0.010791 0.981551
1666059861.450281 -0.185349 1.182600 -30.963408 0.022256 0.194671 0.009760 0.980567
1666059861.550281 -0.212919 1.183757 -31.059713 0.023474 0.203521 0.011271 0.978724
1666059861.650281 -0.243464 1.186624 -31.127961 0.022564 0.214883 0.010823 0.976319
1666059861.750281 -0.263622 1.188365 -31.207210 0.020533 0.221495 0.010833 0.974885
1666059861.850281 -0.283230 1.193410 -31.280238 0.017825 0.226276 0.012438 0.973821
1666059861.950281 -0.311259 1.195135 -31.347623 0.014465 0.235103 0.013574 0.971768
1666059862.050281 -0.341123 1.196919 -31.431049 0.015445 0.241675 0.015344 0.970113
1666059862.150281 -0.377584 1.196826 -31.514008 0.016510 0.251972 0.016567 0.967452
1666059862.250281 -0.408512 1.191955 -31.601510 0.015841 0.267565 0.016237 0.963273
1666059862.350281 -0.445991 1.192211 -31.661378 0.015816 0.278641 0.016173 0.960129
1666059862.450281 -0.471151 1.193062 -31.702524 0.015085 0.290272 0.016107 0.956690
1666059862.550281 -0.494581 1.183884 -31.756706 0.013115 0.299821 0.016366 0.953765
1666059862.650281 -0.510946 1.178846 -31.818185 0.010393 0.311559 0.016808 0.950021
1666059862.750281 -0.531386 1.173448 -31.888323 0.009389 0.323749 0.017844 0.945928
1666059862.850281 -0.563058 1.169834 -31.950241 0.008186 0.334515 0.019568 0.942152
1666059862.950281 -0.606502 1.164395 -32.015253 0.007509 0.346862 0.019322 0.937687
1666059863.050281 -0.649375 1.161568 -32.082906 0.008536 0.358665 0.020384 0.933205
1666059863.150281 -0.697494 1.163225 -32.143529 0.008347 0.374030 0.019851 0.927166
1666059863.250274 -0.756966 1.169366 -32.202083 0.007621 0.390145 0.016221 0.920579
1666059863.350260 -0.824364 1.167500 -32.263711 0.003999 0.403703 0.013594 0.914780
1666059863.450248 -0.874896 1.168008 -32.325777 0.004374 0.419620 0.015901 0.907550
1666059863.550236 -0.927221 1.165628 -32.369481 0.003295 0.440443 0.014607 0.897656
1666059863.650226 -0.973693 1.162614 -32.400911 0.002342 0.458164 0.015348 0.888732
1666059863.750215 -1.015085 1.158536 -32.437502 0.001312 0.472928 0.015163 0.880969
1666059863.850205 -1.043759 1.160803 -32.468012 0.000549 0.486931 0.015104 0.873310
1666059863.950196 -1.074782 1.161295 -32.499023 -0.000037 0.502699 0.015543 0.864322
1666059864.050188 -1.118019 1.157054 -32.536441 -0.001562 0.516511 0.015701 0.856135
1666059864.150180 -1.178923 1.151157 -32.565104 -0.003306 0.529052 0.014338 0.848462
1666059864.250173 -1.241093 1.146615 -32.604652 -0.006902 0.543511 0.014861 0.839242
1666059864.350166 -1.321357 1.144389 -32.640632 -0.007995 0.553534 0.014536 0.832661
1666059864.450161 -1.411052 1.139698 -32.672565 -0.010437 0.567460 0.015547 0.823188
1666059864.550155 -1.502741 1.134862 -32.712417 -0.012528 0.580326 0.018478 0.814078
1666059864.650151 -1.606429 1.125348 -32.743359 -0.014182 0.596007 0.016934 0.802675
1666059864.750146 -1.689085 1.125327 -32.766129 -0.017977 0.616781 0.017314 0.786739
1666059864.850141 -1.781956 1.126256 -32.776425 -0.025757 0.630967 0.015229 0.775232
1666059864.950137 -1.880432 1.119382 -32.798452 -0.028911 0.641346 0.017271 0.766513
1666059865.050133 -1.996310 1.097648 -32.811162 -0.029003 0.657028 0.014899 0.753161
1666059865.150131 -2.103135 1.090588 -32.816424 -0.031556 0.675146 0.012920 0.736896
1666059865.250129 -2.210795 1.078196 -32.825905 -0.029870 0.688476 0.014676 0.724495
1666059865.350129 -2.305475 1.068524 -32.828346 -0.030465 0.701990 0.013095 0.711414
1666059865.450130 -2.407100 1.059616 -32.833779 -0.030036 0.714606 0.014126 0.698739
1666059865.550129 -2.508830 1.050459 -32.838328 -0.028581 0.727751 0.012281 0.685136
1666059865.650130 -2.618500 1.039927 -32.836599 -0.030637 0.742542 0.010065 0.669023
1666059865.750129 -2.719249 1.036403 -32.822287 -0.033003 0.753675 0.008785 0.656359
1666059865.850129 -2.832923 1.023625 -32.809961 -0.033816 0.758475 0.010021 0.650747
1666059865.950130 -2.956492 1.012659 -32.799194 -0.032239 0.761229 0.011459 0.647580
1666059866.050129 -3.080760 1.005883 -32.783694 -0.030662 0.762360 0.012259 0.646310
1666059866.150130 -3.210121 0.994855 -32.761297 -0.032319 0.763780 0.012678 0.644543
1666059866.250129 -3.345276 0.988727 -32.733999 -0.033701 0.764299 0.008711 0.643922
1666059866.350129 -3.485814 0.974400 -32.695520 -0.035314 0.763972 0.001669 0.644280
1666059866.450130 -3.612076 0.967122 -32.673872 -0.035047 0.764015 0.001634 0.644243
1666059866.550129 -3.750221 0.956163 -32.660904 -0.032485 0.759800 0.007723 0.649299
1666059866.650130 -3.903067 0.943547 -32.638505 -0.028885 0.759585 0.004685 0.649749
1666059866.750129 -4.067523 0.934701 -32.603651 -0.031238 0.758701 -0.002090 0.650686
1666059866.850129 -4.221579 0.923717 -32.575776 -0.032313 0.759232 -0.003996 0.650005
1666059866.950130 -4.372354 0.918727 -32.562372 -0.028958 0.759417 -0.003755 0.649948
1666059867.050129 -4.521954 0.909012 -32.547896 -0.025517 0.759400 -0.003062 0.650117
1666059867.150130 -4.652910 0.903663 -32.520584 -0.027240 0.759074 -0.004856 0.650416
1666059867.250129 -4.786914 0.900182 -32.500764 -0.029019 0.758085 -0.005960 0.651483
1666059867.350129 -4.927673 0.892451 -32.481568 -0.029338 0.757116 -0.003958 0.652609
1666059867.450130 -5.071991 0.885877 -32.462945 -0.028391 0.756609 -0.004238 0.653237
1666059867.550129 -5.215030 0.880657 -32.446697 -0.026744 0.756342 -0.002783 0.653624
1666059867.650130 -5.368189 0.874080 -32.424214 -0.027059 0.755041 -0.003930 0.655107
1666059867.750129 -5.525981 0.865021 -32.399725 -0.029044 0.755430 -0.005206 0.654565
1666059867.850129 -5.687389 0.855534 -32.380078 -0.027037 0.754316 -0.004060 0.655942
1666059867.950130 -5.844685 0.850052 -32.364438 -0.026593 0.753276 -0.002111 0.657164
1666059868.050129 -6.010603 0.843715 -32.344545 -0.024981 0.751628 -0.003348 0.659106
1666059868.150130 -6.164437 0.840388 -32.320510 -0.027597 0.751139 -0.004770 0.659550
1666059868.250129 -6.312467 0.837313 -32.301107 -0.028452 0.750041 -0.003546 0.660770
1666059868.350129 -6.453909 0.835084 -32.295748 -0.027407 0.748719 0.003106 0.662314
1666059868.450130 -6.606129 0.819918 -32.279905 -0.025436 0.748023 0.004114 0.663172
1666059868.550129 -6.748155 0.817498 -32.254310 -0.029278 0.747153 0.004394 0.663993
1666059868.650130 -6.896226 0.808684 -32.240649 -0.029030 0.744917 0.004188 0.666512
1666059868.750129 -7.040817 0.802868 -32.230779 -0.030808 0.743741 0.007877 0.667711
1666059868.850129 -7.198423 0.795143 -32.222076 -0.025129 0.739874 0.004725 0.672260
1666059868.950130 -7.353640 0.790201 -32.202630 -0.026666 0.738632 0.002775 0.673576
1666059869.050129 -7.506982 0.782095 -32.193510 -0.025726 0.735255 0.002433 0.677298
1666059869.150130 -7.657162 0.771867 -32.183773 -0.023167 0.736560 0.003201 0.675968
1666059869.250129 -7.796952 0.765279 -32.166290 -0.022614 0.735357 0.000928 0.677302
1666059869.350129 -7.931836 0.760986 -32.149104 -0.027600 0.734089 0.002239 0.678488
1666059869.450130 -8.078731 0.748754 -32.131876 -0.027457 0.733300 -0.000247 0.679350
1666059869.550129 -8.226930 0.735687 -32.115522 -0.028635 0.731067 0.002188 0.681701
1666059869.650130 -8.385554 0.730925 -32.108165 -0.026255 0.731976 -0.000055 0.680824
1666059869.750129 -8.549439 0.721090 -32.092416 -0.025038 0.729603 -0.002327 0.683408
1666059869.850129 -8.705550 0.714932 -32.085102 -0.023811 0.727309 -0.002863 0.685891
1666059869.950130 -8.859336 0.705704 -32.073620 -0.022792 0.727195 -0.003854 0.686042
1666059870.050129 -9.003424 0.703465 -32.065071 -0.023893 0.726909 -0.004297 0.686305
1666059870.150130 -9.160551 0.700345 -32.056276 -0.021465 0.725236 -0.007116 0.688128
1666059870.250129 -9.305489 0.694847 -32.044235 -0.021966 0.726214 -0.007245 0.687080
1666059870.350129 -9.460002 0.693390 -32.037495 -0.021414 0.725574 -0.008324 0.687761
1666059870.450130 -9.603064 0.692878 -32.033798 -0.021553 0.724977 -0.007684 0.688393
1666059870.550129 -9.750144 0.690849 -32.021471 -0.021680 0.724808 -0.006818 0.688576
1666059870.650130 -9.904016 0.687813 -32.010944 -0.022234 0.724239 -0.006710 0.689157
1666059870.750129 -10.055567 0.685401 -32.006307 -0.021496 0.723394 -0.008900 0.690043
1666059870.850129 -10.218523 0.682314 -31.994106 -0.019956 0.722959 -0.009881 0.690532
1666059870.950130 -10.380837 0.678188 -31.991100 -0.018017 0.722540 -0.010341 0.691017
1666059871.050129 -10.543361 0.673482 -31.975154 -0.018166 0.723537 -0.012097 0.689941
1666059871.150130 -10.711482 0.667556 -31.967607 -0.018546 0.723020 -0.012831 0.690458
1666059871.250129 -10.876747 0.660815 -31.956227 -0.018738 0.723608 -0.011919 0.689854
1666059871.350129 -11.031193 0.659130 -31.947773 -0.019050 0.724214 -0.011337 0.689219
1666059871.450130 -11.175862 0.658664 -31.937313 -0.019830 0.723904 -0.011520 0.689519
1666059871.550129 -11.324144 0.653313 -31.928546 -0.019084 0.724295 -0.011598 0.689129
1666059871.650130 -11.463372 0.654728 -31.922368 -0.018338 0.724658 -0.012247 0.688755
1666059871.750129 -11.593227 0.657052 -31.915109 -0.019053 0.724546 -0.012964 0.688841
1666059871.850129 -11.730871 0.650841 -31.904066 -0.019496 0.723949 -0.013290 0.689450
1666059871.950130 -11.874713 0.645610 -31.885090 -0.020877 0.723503 -0.012855 0.689886
1666059872.050129 -12.013744 0.641116 -31.879180 -0.020549 0.723103 -0.011059 0.690346
1666059872.150130 -12.169103 0.637029 -31.868920 -0.020994 0.723376 -0.010227 0.690060
1666059872.250129 -12.334122 0.633662 -31.861293 -0.019751 0.722618 -0.012137 0.690858
1666059872.350129 -12.502682 0.627211 -31.851064 -0.018386 0.723097 -0.013271 0.690374
1666059872.450130 -12.656319 0.626747 -31.842965 -0.018558 0.722904 -0.014917 0.690538
1666059872.550129 -12.814239 0.625119 -31.834586 -0.018863 0.723150 -0.015253 0.690264
1666059872.650130 -12.974431 0.621978 -31.822239 -0.020306 0.722426 -0.013506 0.691018
1666059872.750129 -13.135907 0.619577 -31.819044 -0.022039 0.721667 -0.009518 0.691825
1666059872.850129 -13.297742 0.616403 -31.806847 -0.023924 0.722756 -0.009620 0.690622
1666059872.950125 -13.462993 0.615060 -31.793784 -0.023946 0.720665 -0.010943 0.692784
1666059873.050119 -13.601881 0.610703 -31.785140 -0.025488 0.721305 -0.010712 0.692066
1666059873.150115 -13.742328 0.609714 -31.777313 -0.027730 0.719681 -0.006645 0.693719
1666059873.250110 -13.893731 0.605036 -31.770874 -0.028720 0.718731 -0.005006 0.694676
1666059873.350106 -14.066908 0.595920 -31.756864 -0.025147 0.717467 -0.011164 0.696049
1666059873.450104 -14.227019 0.595311 -31.753157 -0.028119 0.718203 -0.007232 0.695227
1666059873.550102 -14.386049 0.589835 -31.746924 -0.026533 0.717554 -0.007278 0.695959
1666059873.650100 -14.555137 0.588098 -31.742518 -0.021965 0.715967 -0.013066 0.697666
1666059873.750098 -14.703280 0.583488 -31.743176 -0.025783 0.716508 -0.006929 0.697068
1666059873.850097 -14.866136 0.582277 -31.739231 -0.022502 0.715410 -0.008749 0.698288
1666059873.950096 -15.023651 0.573627 -31.727715 -0.021675 0.716179 -0.011455 0.697486
1666059874.050094 -15.187633 0.565518 -31.713982 -0.020996 0.715535 -0.012327 0.698152
1666059874.150094 -15.345053 0.567401 -31.715211 -0.020693 0.716464 -0.011234 0.697227
1666059874.250092 -15.499228 0.568186 -31.710066 -0.021529 0.715888 -0.010995 0.697797
1666059874.350090 -15.658971 0.568948 -31.704689 -0.021560 0.715235 -0.012391 0.698441
1666059874.450088 -15.812352 0.562642 -31.700296 -0.024420 0.716254 -0.009554 0.697346
1666059874.550086 -15.970613 0.558169 -31.697077 -0.022294 0.715514 -0.009625 0.698176
1666059874.650084 -16.134899 0.549423 -31.688145 -0.024395 0.716432 -0.008247 0.697182
1666059874.750082 -16.290874 0.545282 -31.678682 -0.026283 0.716180 -0.009522 0.697355
1666059874.850081 -16.439261 0.539723 -31.674903 -0.027755 0.716318 -0.007276 0.697184
1666059874.950081 -16.596554 0.534350 -31.672640 -0.027379 0.716413 -0.005486 0.697117
1666059875.050081 -16.755281 0.523795 -31.667230 -0.027808 0.716276 -0.004888 0.697246
1666059875.150081 -16.910030 0.523167 -31.666427 -0.027655 0.716200 -0.006266 0.697318
1666059875.250081 -17.069877 0.518956 -31.661831 -0.026480 0.715695 -0.006377 0.697882
1666059875.350080 -17.231919 0.512467 -31.660171 -0.026018 0.716376 -0.006438 0.697199
1666059875.450081 -17.394573 0.505556 -31.656783 -0.026459 0.715968 -0.005329 0.697611
1666059875.550081 -17.551746 0.498089 -31.653035 -0.027859 0.716630 -0.004709 0.696881
1666059875.650081 -17.703225 0.492110 -31.644451 -0.028885 0.716469 -0.005653 0.696998
1666059875.750081 -17.856393 0.490714 -31.639797 -0.028051 0.716724 -0.006203 0.696764
1666059875.850080 -18.008202 0.484495 -31.635114 -0.027739 0.717637 -0.005381 0.695844
1666059875.950081 -18.154470 0.485626 -31.631231 -0.027204 0.717900 -0.006887 0.695580
1666059876.050081 -18.299879 0.482400 -31.622677 -0.030696 0.718956 -0.006332 0.694349
1666059876.150081 -18.449274 0.477749 -31.621220 -0.031515 0.720052 -0.005551 0.693182
1666059876.250081 -18.603523 0.470275 -31.619875 -0.031647 0.721374 -0.002801 0.691816
1666059876.350080 -18.771212 0.458752 -31.613000 -0.030757 0.722677 -0.002378 0.690497
1666059876.450081 -18.928485 0.452223 -31.602063 -0.031063 0.724049 -0.004735 0.689033
1666059876.550081 -19.079104 0.450042 -31.601662 -0.027095 0.727889 -0.006855 0.685125
1666059876.650081 -19.207047 0.444270 -31.598014 -0.025416 0.733218 -0.006744 0.679485
1666059876.750081 -19.312157 0.441249 -31.593279 -0.026613 0.738660 -0.005462 0.673530
1666059876.850080 -19.421944 0.435753 -31.580852 -0.027943 0.744201 -0.006681 0.667337
1666059876.950081 -19.534177 0.429661 -31.579279 -0.028238 0.751111 -0.005534 0.659548
1666059877.050081 -19.656941 0.423259 -31.570830 -0.029045 0.756717 -0.003409 0.653088
1666059877.150081 -19.781640 0.420606 -31.560119 -0.025772 0.763900 -0.001978 0.644817
1666059877.250081 -19.915869 0.413024 -31.537736 -0.027029 0.770752 -0.004693 0.636545
1666059877.350080 -20.053297 0.409649 -31.511756 -0.025885 0.777893 -0.006040 0.627834
1666059877.450081 -20.182331 0.405877 -31.483198 -0.025990 0.786611 -0.007328 0.616858
1666059877.550081 -20.323623 0.401325 -31.447682 -0.026895 0.793866 -0.008602 0.607437
1666059877.650081 -20.459397 0.398709 -31.410289 -0.026030 0.801562 -0.010627 0.597251
1666059877.750081 -20.592059 0.394464 -31.376751 -0.024625 0.806279 -0.005555 0.590997
1666059877.850080 -20.732126 0.386925 -31.340191 -0.025547 0.809876 -0.004671 0.586026
1666059877.950081 -20.878970 0.372419 -31.287222 -0.026300 0.813217 -0.006241 0.581333
1666059878.050081 -21.032816 0.364224 -31.225848 -0.026708 0.814068 -0.009270 0.580081
1666059878.150081 -21.188247 0.359924 -31.185248 -0.022783 0.816585 -0.008246 0.576716
1666059878.250081 -21.348560 0.359851 -31.138786 -0.017217 0.816661 -0.011922 0.576738
1666059878.350080 -21.491799 0.367012 -31.075056 -0.023795 0.817379 -0.014786 0.575419
1666059878.450081 -21.627562 0.363415 -31.018271 -0.028556 0.817202 -0.012539 0.575507
1666059878.550081 -21.787708 0.353358 -30.975620 -0.020998 0.819435 -0.012425 0.572653
1666059878.650081 -21.929655 0.356967 -30.927665 -0.021840 0.820210 -0.010475 0.571550
1666059878.750081 -22.082946 0.359307 -30.866226 -0.023886 0.820450 -0.014599 0.571032
1666059878.850080 -22.242326 0.358248 -30.806089 -0.023985 0.821863 -0.016818 0.568932
1666059878.950081 -22.386259 0.354792 -30.753721 -0.025467 0.822532 -0.012616 0.568009
1666059879.050081 -22.541833 0.354230 -30.693719 -0.024929 0.822630 -0.015437 0.567821
1666059879.150081 -22.691016 0.352053 -30.642506 -0.025984 0.824388 -0.014538 0.565241
1666059879.250081 -22.842602 0.351835 -30.594521 -0.021917 0.828459 -0.015860 0.559395
1666059879.350080 -22.978781 0.354854 -30.541762 -0.020756 0.833148 -0.018593 0.552348
1666059879.450081 -23.091298 0.359203 -30.489925 -0.023206 0.837644 -0.017865 0.545431
1666059879.550081 -23.200076 0.356628 -30.438816 -0.024345 0.842130 -0.016291 0.538478
1666059879.650081 -23.317729 0.361729 -30.389513 -0.022729 0.844794 -0.015827 0.534374
1666059879.750081 -23.437009 0.362956 -30.329414 -0.023576 0.848658 -0.016424 0.528161
1666059879.850080 -23.566672 0.356938 -30.265102 -0.021981 0.854186 -0.018008 0.519191
1666059879.950081 -23.681722 0.358445 -30.206420 -0.023228 0.857904 -0.017206 0.512995
1666059880.050081 -23.796166 0.358890 -30.147000 -0.022872 0.860149 -0.016392 0.509266
1666059880.150081 -23.903956 0.360371 -30.091276 -0.024201 0.863190 -0.013791 0.504111
1666059880.250081 -24.029388 0.355481 -30.025150 -0.023440 0.867711 -0.014614 0.496300
1666059880.350080 -24.155184 0.352166 -29.952595 -0.023000 0.871236 -0.013058 0.490151
1666059880.450081 -24.287007 0.349508 -29.878561 -0.022950 0.875041 -0.013839 0.483307
1666059880.550081 -24.409732 0.349074 -29.794566 -0.025500 0.878322 -0.014400 0.477172
1666059880.650081 -24.546635 0.339970 -29.704207 -0.024409 0.881631 -0.014919 0.471072
1666059880.750081 -24.672824 0.336514 -29.625908 -0.023487 0.883829 -0.011631 0.467076
1666059880.850080 -24.811030 0.331719 -29.533987 -0.022293 0.886879 -0.013229 0.461274
1666059880.950081 -24.938600 0.332096 -29.441453 -0.024919 0.888957 -0.015051 0.457065
1666059881.050081 -25.066618 0.328081 -29.344976 -0.024783 0.891722 -0.015142 0.451651
1666059881.150081 -25.201446 0.322945 -29.254018 -0.022192 0.893187 -0.015217 0.448880
1666059881.250081 -25.327763 0.321254 -29.160131 -0.022684 0.893851 -0.014884 0.447543
1666059881.350080 -25.450900 0.321284 -29.063292 -0.026006 0.895042 -0.014234 0.444994
1666059881.450081 -25.569695 0.321810 -28.977852 -0.026267 0.896188 -0.010978 0.442760
1666059881.550081 -25.703503 0.320723 -28.885806 -0.023924 0.898868 -0.010997 0.437427
1666059881.650081 -25.827824 0.316965 -28.782640 -0.025166 0.902355 -0.013423 0.430049
1666059881.750081 -25.943010 0.315037 -28.685289 -0.023687 0.909613 -0.014001 0.414545
1666059881.850084 -26.037326 0.315770 -28.584264 -0.024522 0.916695 -0.013667 0.398601
1666059881.950089 -26.133897 0.314062 -28.490867 -0.023042 0.919245 -0.014561 0.392741
1666059882.050094 -26.243642 0.310498 -28.403009 -0.018574 0.920689 -0.012596 0.389652
1666059882.150098 -26.332037 0.312175 -28.310141 -0.023907 0.922971 -0.008562 0.384030
1666059882.250101 -26.430874 0.310914 -28.217539 -0.021591 0.924350 -0.009683 0.380811
1666059882.350103 -26.547724 0.310068 -28.106483 -0.019315 0.925318 -0.012172 0.378503
1666059882.450105 -26.652944 0.312743 -27.987078 -0.020570 0.925249 -0.015225 0.378495
1666059882.550107 -26.771967 0.311287 -27.875754 -0.017800 0.925684 -0.015569 0.377558
1666059882.650109 -26.878183 0.310368 -27.768661 -0.016314 0.926015 -0.016945 0.376753
1666059882.750110 -26.977795 0.309137 -27.653586 -0.020070 0.925980 -0.016255 0.376688
1666059882.850111 -27.078040 0.312096 -27.538791 -0.022795 0.926005 -0.017632 0.376410
1666059882.950113 -27.181304 0.311252 -27.433808 -0.022207 0.926009 -0.015119 0.376543
1666059883.050113 -27.284208 0.315482 -27.335425 -0.020621 0.925740 -0.012493 0.377391
1666059883.150115 -27.395730 0.315035 -27.221780 -0.020806 0.925535 -0.012062 0.377898
1666059883.250116 -27.497111 0.312506 -27.108293 -0.025389 0.925448 -0.009979 0.377892
1666059883.350116 -27.613412 0.311978 -26.993218 -0.025050 0.924861 -0.012191 0.379283
1666059883.450118 -27.734903 0.307868 -26.884251 -0.021878 0.925250 -0.012709 0.378514
1666059883.550118 -27.855465 0.302675 -26.765226 -0.020768 0.925524 -0.013660 0.377871
1666059883.650119 -27.958151 0.304795 -26.650065 -0.023040 0.925537 -0.013089 0.377729
1666059883.750119 -28.068461 0.304400 -26.537500 -0.023279 0.925322 -0.013784 0.378217
1666059883.850120 -28.176638 0.303396 -26.427380 -0.022758 0.925401 -0.013214 0.378075
1666059883.950120 -28.292468 0.305452 -26.311330 -0.022456 0.925348 -0.013427 0.378215
1666059884.050120 -28.405364 0.306422 -26.193763 -0.022353 0.925635 -0.015258 0.377449
1666059884.150120 -28.515929 0.304019 -26.077838 -0.023798 0.925432 -0.014880 0.377873
1666059884.250120 -28.632237 0.305801 -25.955858 -0.024063 0.925607 -0.014618 0.377437
1666059884.350120 -28.746998 0.309175 -25.840227 -0.023170 0.925886 -0.014268 0.376823
1666059884.450120 -28.856189 0.306224 -25.723676 -0.023827 0.926110 -0.012844 0.376281
1666059884.550120 -28.957509 0.311317 -25.614584 -0.025262 0.926306 -0.012994 0.375700
1666059884.650120 -29.070629 0.307958 -25.499782 -0.025940 0.926182 -0.011672 0.376002
1666059884.750120 -29.184680 0.306599 -25.388015 -0.023444 0.926290 -0.012566 0.375871
1666059884.850120 -29.290574 0.308115 -25.273726 -0.024091 0.926540 -0.012712 0.375208
1666059884.950120 -29.400920 0.307453 -25.150355 -0.026010 0.926609 -0.015060 0.374822
1666059885.050120 -29.515384 0.310929 -25.034587 -0.025491 0.926612 -0.014881 0.374858
1666059885.150120 -29.628965 0.312683 -24.925126 -0.023070 0.926996 -0.013551 0.374115
1666059885.250120 -29.742265 0.312915 -24.805360 -0.023974 0.927188 -0.012897 0.373607
1666059885.350120 -29.845883 0.318084 -24.687762 -0.026386 0.927455 -0.013553 0.372756
1666059885.450120 -29.963522 0.316516 -24.572154 -0.026935 0.927300 -0.013981 0.373087
1666059885.550120 -30.074794 0.315579 -24.464632 -0.026568 0.927331 -0.009542 0.373177
1666059885.650120 -30.193218 0.310984 -24.348693 -0.025255 0.927587 -0.009352 0.372634
1666059885.750120 -30.291263 0.309478 -24.235405 -0.027170 0.927812 -0.009712 0.371930
1666059885.850120 -30.397154 0.309829 -24.123226 -0.027719 0.928454 -0.012043 0.370216
1666059885.950120 -30.501974 0.315526 -24.019875 -0.027911 0.929269 -0.012578 0.368132
1666059886.050120 -30.613241 0.314138 -23.907254 -0.026007 0.929749 -0.009562 0.367151
1666059886.150120 -30.728402 0.313193 -23.793293 -0.023941 0.933293 -0.013279 0.358071
1666059886.250120 -30.831810 0.311127 -23.675834 -0.025794 0.938127 -0.014425 0.345027
1666059886.350120 -30.920244 0.308466 -23.564843 -0.027341 0.940695 -0.015691 0.337785
1666059886.450120 -31.016951 0.307216 -23.436162 -0.025145 0.943580 -0.012751 0.329944
1666059886.550120 -31.110342 0.309974 -23.323650 -0.025843 0.945235 -0.010125 0.325209
1666059886.650129 -31.192830 0.308221 -23.206924 -0.027932 0.947810 -0.008399 0.317499
1666059886.750136 -31.290702 0.300555 -23.079000 -0.028177 0.948256 -0.006211 0.316193
1666059886.850142 -31.390729 0.294405 -22.942604 -0.027256 0.948740 -0.008326 0.314771
1666059886.950148 -31.493174 0.288305 -22.795695 -0.026703 0.949472 -0.011382 0.312507
1666059887.050152 -31.590475 0.284929 -22.658956 -0.027186 0.950413 -0.012288 0.309558
1666059887.150156 -31.686913 0.285687 -22.531619 -0.025757 0.950994 -0.011622 0.307915
1666059887.250158 -31.778033 0.280544 -22.393487 -0.025729 0.951571 -0.008730 0.306226
1666059887.350158 -31.871403 0.276994 -22.260124 -0.027041 0.952076 -0.008767 0.304539
1666059887.450158 -31.962521 0.276374 -22.137667 -0.026639 0.952521 -0.008475 0.303188
1666059887.550158 -32.057029 0.271744 -22.005148 -0.025243 0.952795 -0.008661 0.302439
1666059887.650156 -32.148054 0.268042 -21.874671 -0.025466 0.953155 -0.010427 0.301227
1666059887.750156 -32.235820 0.263749 -21.747272 -0.026910 0.953565 -0.009883 0.299820
1666059887.850155 -32.324756 0.264355 -21.617693 -0.026900 0.953731 -0.008895 0.299322
1666059887.950155 -32.422966 0.264292 -21.483625 -0.025672 0.954170 -0.007520 0.298068
1666059888.050154 -32.514021 0.263116 -21.349338 -0.026970 0.954573 -0.006986 0.296672
1666059888.150156 -32.599685 0.265700 -21.225688 -0.028425 0.954780 -0.006813 0.295874
1666059888.250157 -32.685385 0.263902 -21.099104 -0.028450 0.955528 -0.007478 0.293429
1666059888.350158 -32.774578 0.259482 -20.966049 -0.026997 0.956668 -0.008726 0.289794
1666059888.450160 -32.860034 0.262414 -20.831831 -0.027770 0.959094 -0.010216 0.281538
1666059888.550163 -32.951805 0.261822 -20.702000 -0.024593 0.961631 -0.009705 0.273068
1666059888.650164 -33.030571 0.264489 -20.579505 -0.025581 0.963783 -0.008819 0.265312
1666059888.750164 -33.100278 0.264483 -20.447309 -0.026703 0.966052 -0.008668 0.256818
1666059888.850163 -33.169080 0.266316 -20.323747 -0.028615 0.968143 -0.007124 0.248654
1666059888.950164 -33.244181 0.264076 -20.191079 -0.027739 0.969168 -0.006591 0.244748
1666059889.050166 -33.322572 0.260099 -20.047905 -0.026386 0.970656 -0.007719 0.238896
1666059889.150177 -33.392492 0.256356 -19.899725 -0.028009 0.971775 -0.008135 0.234100
1666059889.250189 -33.465698 0.255283 -19.761090 -0.026921 0.972307 -0.007685 0.232023
1666059889.350199 -33.535440 0.254098 -19.617393 -0.026900 0.973269 -0.008591 0.227926
1666059889.450207 -33.596662 0.255777 -19.475371 -0.029308 0.973668 -0.008276 0.225929
1666059889.550215 -33.662579 0.255641 -19.338830 -0.029461 0.974087 -0.006905 0.224139
1666059889.650222 -33.735814 0.255605 -19.197171 -0.028542 0.974380 -0.004874 0.223037
1666059889.750227 -33.803024 0.254807 -19.060096 -0.029125 0.974573 -0.005426 0.222103
1666059889.850232 -33.865128 0.255453 -18.916584 -0.032043 0.975089 -0.005359 0.219422
1666059889.950236 -33.936626 0.251304 -18.772480 -0.030358 0.975483 -0.005404 0.217905
1666059890.050238 -34.008709 0.252258 -18.636659 -0.028615 0.976009 -0.004395 0.215799
1666059890.150241 -34.070634 0.250608 -18.489585 -0.030728 0.976546 -0.005201 0.213042
1666059890.250242 -34.132443 0.254015 -18.350267 -0.032744 0.978189 -0.008246 0.204952
1666059890.350245 -34.195642 0.245628 -18.214273 -0.030907 0.978387 -0.005466 0.204389
1666059890.450248 -34.266305 0.243939 -18.071674 -0.026821 0.979009 -0.008101 0.201881
1666059890.550249 -34.320217 0.247785 -17.930596 -0.029523 0.978935 -0.010023 0.201776
1666059890.650250 -34.380024 0.248828 -17.785388 -0.030606 0.979469 -0.013463 0.198804
1666059890.750249 -34.438192 0.248413 -17.648296 -0.028691 0.979962 -0.011114 0.196791
1666059890.850248 -34.491243 0.245916 -17.512490 -0.028493 0.980018 -0.010316 0.196586
1666059890.950246 -34.544943 0.247785 -17.374796 -0.028581 0.980560 -0.011602 0.193782
1666059891.050242 -34.607765 0.251900 -17.239644 -0.027113 0.980678 -0.012237 0.193355
1666059891.150242 -34.674494 0.253070 -17.103962 -0.025284 0.980745 -0.012447 0.193250
1666059891.250242 -34.728660 0.252620 -16.959852 -0.026953 0.981152 -0.011627 0.190994
1666059891.350242 -34.782660 0.256111 -16.810165 -0.029465 0.981160 -0.012715 0.190511
1666059891.450242 -34.849048 0.253670 -16.665670 -0.027297 0.981289 -0.015124 0.189995
1666059891.550242 -34.909366 0.254446 -16.517172 -0.024407 0.981515 -0.014687 0.189253
1666059891.650242 -34.971519 0.254553 -16.373471 -0.023274 0.981689 -0.014787 0.188485
1666059891.750242 -35.030166 0.256398 -16.227829 -0.023396 0.981933 -0.014884 0.187188
1666059891.850242 -35.080530 0.256460 -16.083921 -0.024878 0.982036 -0.013055 0.186592
1666059891.950242 -35.127782 0.257719 -15.932608 -0.024710 0.982433 -0.013418 0.184487
1666059892.050242 -35.190895 0.258900 -15.784806 -0.023367 0.982585 -0.014190 0.183793
1666059892.150242 -35.248844 0.265331 -15.644706 -0.022143 0.982947 -0.013075 0.182080
1666059892.250242 -35.310693 0.266819 -15.496310 -0.021806 0.982997 -0.014003 0.181782
1666059892.350242 -35.365661 0.267084 -15.345268 -0.022404 0.983222 -0.015318 0.180384
1666059892.450242 -35.428291 0.268300 -15.197674 -0.021272 0.983148 -0.015652 0.180893
1666059892.550242 -35.489772 0.267249 -15.038512 -0.020490 0.983414 -0.015929 0.179510
1666059892.650242 -35.550882 0.273878 -14.884367 -0.021647 0.983470 -0.017555 0.178914
1666059892.750242 -35.609105 0.276341 -14.726381 -0.022943 0.983619 -0.018082 0.177875
1666059892.850242 -35.673132 0.279058 -14.572952 -0.022516 0.983892 -0.017468 0.176477
1666059892.950242 -35.728278 0.280241 -14.430579 -0.021503 0.984050 -0.016781 0.175788
1666059893.050242 -35.786134 0.285062 -14.289319 -0.020982 0.984168 -0.017484 0.175121
1666059893.150242 -35.838849 0.288621 -14.135769 -0.021640 0.984269 -0.017262 0.174495
1666059893.250242 -35.893113 0.287040 -13.976090 -0.021927 0.984573 -0.016801 0.172779
1666059893.350245 -35.943803 0.290004 -13.828929 -0.022171 0.984800 -0.017195 0.171410
1666059893.450264 -35.993308 0.289179 -13.669086 -0.022364 0.985097 -0.018186 0.169569
1666059893.550281 -36.051567 0.296877 -13.510546 -0.022018 0.985307 -0.017929 0.168415
1666059893.650297 -36.102598 0.300470 -13.359322 -0.022684 0.985357 -0.015434 0.168281
1666059893.750311 -36.156444 0.307518 -13.210989 -0.022361 0.985637 -0.015278 0.166695
1666059893.850323 -36.205155 0.308605 -13.059234 -0.023827 0.985628 -0.014222 0.166634
1666059893.950335 -36.259162 0.300808 -12.899428 -0.025660 0.986065 -0.015357 0.163650
1666059894.050343 -36.311272 0.302406 -12.763885 -0.024084 0.987098 -0.016104 0.157473
1666059894.150350 -36.352539 0.302011 -12.614489 -0.025747 0.988644 -0.016659 0.147117
1666059894.250355 -36.400832 0.309911 -12.463711 -0.025773 0.989588 -0.015631 0.140740
1666059894.350360 -36.443856 0.307786 -12.317828 -0.028998 0.990659 -0.014395 0.132462
1666059894.450364 -36.489315 0.303510 -12.160378 -0.024720 0.991556 -0.018004 0.126023
1666059894.550367 -36.524031 0.304381 -12.013882 -0.024628 0.992140 -0.016271 0.121598
1666059894.650370 -36.564347 0.314826 -11.859062 -0.026459 0.992426 -0.016209 0.118858
1666059894.750371 -36.612008 0.330096 -11.689936 -0.027866 0.992568 -0.018201 0.117054
1666059894.850372 -36.653279 0.330361 -11.538202 -0.026294 0.992925 -0.015469 0.114755
1666059894.950372 -36.699319 0.332960 -11.376760 -0.024040 0.993300 -0.017567 0.111666
1666059895.050370 -36.735300 0.339193 -11.232828 -0.024403 0.993422 -0.017844 0.110444
1666059895.150369 -36.764083 0.347517 -11.077072 -0.026449 0.994054 -0.018351 0.104022
1666059895.250366 -36.820728 0.358496 -10.926747 -0.023492 0.994394 -0.017776 0.101549
1666059895.350362 -36.852671 0.361794 -10.761887 -0.023582 0.994680 -0.017890 0.098670
1666059895.450362 -36.874966 0.368256 -10.599716 -0.026218 0.995266 -0.018816 0.091676
1666059895.550362 -36.901308 0.385064 -10.445042 -0.027102 0.995879 -0.017302 0.084795
1666059895.650362 -36.932053 0.388732 -10.286572 -0.025664 0.996348 -0.016694 0.079707
1666059895.750362 -36.962042 0.396392 -10.134312 -0.025887 0.996828 -0.016975 0.073316
1666059895.850362 -36.986688 0.395097 -9.966355 -0.028054 0.997144 -0.019185 0.067445
1666059895.950362 -37.015872 0.403181 -9.814817 -0.024610 0.997688 -0.020218 0.060033
1666059896.050362 -37.039005 0.414103 -9.656688 -0.022948 0.997918 -0.020868 0.056547
1666059896.150362 -37.055890 0.429614 -9.503184 -0.023115 0.998187 -0.020627 0.051613
1666059896.250362 -37.071266 0.433643 -9.351326 -0.024091 0.998303 -0.019347 0.049350
1666059896.350362 -37.087478 0.433164 -9.202206 -0.022177 0.998458 -0.017349 0.047851
1666059896.450362 -37.110852 0.445762 -9.052512 -0.019710 0.998585 -0.018145 0.045928
1666059896.550362 -37.125631 0.446218 -8.901302 -0.019662 0.998592 -0.019854 0.045085
1666059896.650362 -37.147092 0.458169 -8.751021 -0.018999 0.998674 -0.022495 0.042238
1666059896.750362 -37.156995 0.464430 -8.605249 -0.018088 0.998690 -0.024404 0.041173
1666059896.850362 -37.172651 0.474349 -8.455622 -0.017211 0.998728 -0.026258 0.039460
1666059896.950362 -37.190144 0.480785 -8.304396 -0.017177 0.998763 -0.028087 0.037276
1666059897.050344 -37.200964 0.494190 -8.152736 -0.018330 0.998828 -0.027128 0.035644
1666059897.150326 -37.221618 0.506206 -8.006231 -0.017397 0.998879 -0.027810 0.034132
1666059897.250309 -37.237901 0.516787 -7.857326 -0.016610 0.998970 -0.025835 0.033386
1666059897.350293 -37.249877 0.527424 -7.717353 -0.018063 0.999128 -0.025579 0.027619
1666059897.450278 -37.264024 0.538683 -7.585555 -0.016686 0.999343 -0.026679 0.017967
1666059897.550263 -37.274831 0.546678 -7.444783 -0.014647 0.999470 -0.028444 0.005998
1666059897.650249 -37.274658 0.557760 -7.304061 -0.015459 0.999393 -0.030426 -0.006957
1666059897.750237 -37.280043 0.574935 -7.151712 -0.013174 0.999166 -0.034097 -0.018222
1666059897.850227 -37.287361 0.591818 -7.028797 -0.010578 0.998818 -0.034889 -0.032155
1666059897.950220 -37.284057 0.613443 -6.901115 -0.008518 0.998225 -0.036409 -0.046357
1666059898.050213 -37.255394 0.627858 -6.762116 -0.014114 0.996942 -0.045597 -0.061872
1666059898.150206 -37.233453 0.636948 -6.596311 -0.013445 0.995320 -0.066074 -0.069226
1666059898.250200 -37.226427 0.669906 -6.463712 0.000030 0.994668 -0.057764 -0.085435
1666059898.350196 -37.202254 0.692944 -6.347030 -0.001545 0.993903 -0.049253 -0.098635
1666059898.450194 -37.171472 0.711338 -6.233300 -0.005182 0.993699 -0.041103 -0.104149
1666059898.550195 -37.144444 0.721684 -6.124654 -0.006031 0.993293 -0.024787 -0.112771
1666059898.650197 -37.117500 0.732566 -6.029213 -0.003163 0.992254 -0.007174 -0.123975
1666059898.750200 -37.107907 0.728831 -5.887747 0.005847 0.991467 -0.012014 -0.129673
1666059898.850202 -37.075222 0.736164 -5.751120 0.004397 0.989338 -0.017175 -0.144558
1666059898.950203 -37.027650 0.748973 -5.623926 0.001525 0.987948 -0.016421 -0.153905
1666059899.050204 -36.991484 0.750038 -5.481682 0.002635 0.986564 -0.019763 -0.162154
1666059899.150204 -36.951828 0.758979 -5.358472 0.001711 0.984427 -0.018852 -0.174772
1666059899.250204 -36.912068 0.759932 -5.222883 0.003542 0.982682 -0.021784 -0.183981
1666059899.350204 -36.872639 0.770579 -5.108000 0.006294 0.978156 -0.022023 -0.206607
1666059899.450204 -36.825232 0.774742 -5.011308 0.003705 0.974515 -0.020224 -0.223377
1666059899.550204 -36.789220 0.783969 -4.920303 0.003601 0.970265 -0.020248 -0.241168
1666059899.650204 -36.745941 0.790109 -4.830887 0.002970 0.966198 -0.019842 -0.257017
1666059899.750204 -36.708164 0.798970 -4.744005 0.002833 0.963086 -0.018961 -0.268512
1666059899.850204 -36.679005 0.807850 -4.643023 0.009051 0.959036 -0.021403 -0.282328
1666059899.950204 -36.627973 0.818641 -4.554300 0.006593 0.954672 -0.021338 -0.296822
1666059900.050204 -36.578024 0.825341 -4.468356 0.006307 0.947820 -0.023194 -0.317898
1666059900.150204 -36.522522 0.837039 -4.388341 0.006315 0.939599 -0.027260 -0.341132
1666059900.250204 -36.471850 0.843636 -4.337908 0.006415 0.931281 -0.025495 -0.363351
1666059900.350204 -36.421298 0.851746 -4.286987 0.007635 0.926254 -0.022998 -0.376121
1666059900.450204 -36.374306 0.858587 -4.216044 0.008838 0.920459 -0.023099 -0.390057
1666059900.550204 -36.318362 0.864249 -4.155870 0.008260 0.913392 -0.019684 -0.406521
1666059900.650204 -36.253667 0.873774 -4.082524 0.007096 0.904918 -0.021545 -0.424982
1666059900.750204 -36.181464 0.877213 -4.013153 0.007768 0.893255 -0.025310 -0.448770
1666059900.850204 -36.119333 0.884585 -3.973063 0.007341 0.878227 -0.024503 -0.477560
1666059900.950204 -36.054249 0.893280 -3.935040 -0.005918 -0.864399 0.025553 0.502122
1666059901.050204 -35.992602 0.894875 -3.905455 -0.007002 -0.850640 0.025449 0.525086
1666059901.150204 -35.940943 0.897486 -3.882597 -0.008494 -0.838604 0.024225 0.544136
1666059901.250204 -35.889043 0.900316 -3.857312 -0.008353 -0.827435 0.021412 0.561090
1666059901.350204 -35.825895 0.902316 -3.810399 -0.010814 -0.819648 0.023743 0.572273
1666059901.450204 -35.743726 0.902398 -3.772085 -0.015538 -0.807147 0.023615 0.589673
1666059901.550204 -35.653462 0.902166 -3.740319 -0.016027 -0.799958 0.019656 0.599519
1666059901.650204 -35.543610 0.901135 -3.698926 -0.017084 -0.788363 0.022525 0.614561
1666059901.750204 -35.420119 0.900376 -3.677015 -0.014226 -0.780725 0.020543 0.624375
1666059901.850204 -35.282341 0.903665 -3.652843 -0.012949 -0.773938 0.021899 0.632750
1666059901.950204 -35.162755 0.908308 -3.625989 -0.013074 -0.763617 0.023985 0.645092
1666059902.050204 -35.032384 0.905199 -3.620659 -0.012952 -0.753007 0.017951 0.657641
1666059902.150204 -34.915860 0.907278 -3.594707 -0.014660 -0.750153 0.019782 0.660806
1666059902.250204 -34.780794 0.909165 -3.572104 -0.014962 -0.745736 0.022263 0.665702
1666059902.350204 -34.633794 0.903960 -3.561021 -0.014643 -0.742355 0.023055 0.669449
1666059902.450204 -34.504410 0.905467 -3.554292 -0.014571 -0.740344 0.020501 0.671758
1666059902.550204 -34.371133 0.901336 -3.545381 -0.016220 -0.738789 0.019459 0.673460
1666059902.650204 -34.233374 0.894731 -3.532877 -0.018398 -0.738273 0.019715 0.673963
1666059902.750204 -34.102004 0.894392 -3.515107 -0.018926 -0.736928 0.019683 0.675419
1666059902.850204 -33.961613 0.892606 -3.509509 -0.016649 -0.734686 0.020149 0.677903
1666059902.950204 -33.844048 0.895164 -3.495586 -0.014555 -0.727457 0.022424 0.685633
1666059903.050204 -33.742957 0.895451 -3.499986 -0.014455 -0.722064 0.016980 0.691466
1666059903.150204 -33.614258 0.891076 -3.493861 -0.019381 -0.719718 0.017503 0.693775
1666059903.250204 -33.475668 0.884945 -3.488877 -0.022391 -0.716929 0.017647 0.696563
1666059903.350204 -33.325807 0.879398 -3.485487 -0.021455 -0.715082 0.017856 0.698483
1666059903.450204 -33.173001 0.872307 -3.485086 -0.019078 -0.713857 0.018724 0.699781
1666059903.550204 -33.038109 0.873612 -3.482168 -0.018199 -0.712827 0.019436 0.700834
1666059903.650204 -32.914963 0.870180 -3.481558 -0.019677 -0.711076 0.019186 0.702578
1666059903.750204 -32.788407 0.865762 -3.486359 -0.020267 -0.709846 0.018123 0.703832
1666059903.850204 -32.653520 0.864203 -3.490522 -0.019766 -0.707907 0.017253 0.705818
1666059903.950204 -32.513884 0.862537 -3.491322 -0.018937 -0.707156 0.017915 0.706577
1666059904.050204 -32.363395 0.858115 -3.488933 -0.019044 -0.707219 0.018744 0.706489
1666059904.150204 -32.222088 0.863792 -3.484254 -0.017341 -0.705374 0.020191 0.708335
1666059904.250204 -32.091059 0.867012 -3.488867 -0.017864 -0.704894 0.018377 0.708849
1666059904.350204 -31.949115 0.864020 -3.492702 -0.018262 -0.704222 0.017689 0.709524
1666059904.450204 -31.809987 0.862759 -3.489450 -0.019918 -0.702541 0.017383 0.711152
1666059904.550204 -31.664576 0.861394 -3.490501 -0.020668 -0.700966 0.016826 0.712696
1666059904.650204 -31.505369 0.859029 -3.490144 -0.018873 -0.700958 0.017340 0.712742
1666059904.750204 -31.347609 0.860727 -3.484159 -0.016320 -0.700799 0.017908 0.712947
1666059904.850204 -31.194271 0.860936 -3.485887 -0.017861 -0.700489 0.017424 0.713227
1666059904.950204 -31.033021 0.859857 -3.486712 -0.018722 -0.699752 0.018530 0.713900
1666059905.050204 -30.873434 0.854473 -3.487341 -0.018335 -0.699170 0.017840 0.714497
1666059905.150204 -30.729705 0.855865 -3.488845 -0.018644 -0.698697 0.017467 0.714961
1666059905.250204 -30.583862 0.855935 -3.489552 -0.018966 -0.697645 0.017239 0.715985
1666059905.350204 -30.427416 0.857806 -3.498088 -0.018280 -0.697351 0.017058 0.716294
1666059905.450204 -30.274177 0.855332 -3.496539 -0.018151 -0.696907 0.016998 0.716730
1666059905.550204 -30.113715 0.856245 -3.489976 -0.018662 -0.697165 0.016542 0.716477
1666059905.650204 -29.954128 0.857125 -3.491790 -0.020110 -0.697961 0.015560 0.715684
1666059905.750204 -29.796109 0.857790 -3.495535 -0.020107 -0.698047 0.014462 0.715624
1666059905.850204 -29.622813 0.853218 -3.498607 -0.021687 -0.699342 0.015080 0.714299
1666059905.950204 -29.458141 0.858124 -3.492346 -0.022789 -0.700606 0.015634 0.713013
1666059906.050204 -29.282526 0.855413 -3.492542 -0.019827 -0.701904 0.017131 0.711789
1666059906.150204 -29.105168 0.853047 -3.494205 -0.018098 -0.704695 0.018211 0.709046
1666059906.250204 -28.940427 0.853158 -3.496436 -0.019594 -0.705553 0.018370 0.708148
1666059906.350204 -28.800430 0.854292 -3.497593 -0.021159 -0.705814 0.017712 0.707860
1666059906.450204 -28.647448 0.849155 -3.492896 -0.022538 -0.706948 0.015778 0.706730
1666059906.550204 -28.488282 0.847345 -3.493358 -0.023706 -0.707274 0.015639 0.706369
1666059906.650204 -28.321849 0.840049 -3.488030 -0.023597 -0.708424 0.016622 0.705197
1666059906.750204 -28.145610 0.839868 -3.490836 -0.019383 -0.711932 0.018648 0.701734
1666059906.850204 -27.988331 0.841236 -3.484757 -0.019439 -0.718479 0.020285 0.694981
1666059906.950204 -27.831468 0.845085 -3.477335 -0.020663 -0.719517 0.018474 0.693921
1666059907.050204 -27.667138 0.844360 -3.475793 -0.020142 -0.722012 0.017555 0.691364
1666059907.150204 -27.502905 0.840897 -3.469769 -0.021240 -0.722987 0.017385 0.690316
1666059907.250204 -27.338661 0.836461 -3.448648 -0.022671 -0.723799 0.017917 0.689405
1666059907.350204 -27.170136 0.828627 -3.446518 -0.021703 -0.724001 0.018071 0.689220
1666059907.450204 -27.008700 0.823376 -3.445906 -0.020821 -0.724897 0.017558 0.688319
1666059907.550204 -26.842308 0.819508 -3.436248 -0.021489 -0.725017 0.017297 0.688178
1666059907.650204 -26.682189 0.818952 -3.426531 -0.021704 -0.725942 0.018069 0.687176
1666059907.750204 -26.521718 0.817526 -3.419697 -0.022710 -0.726032 0.017104 0.687073
1666059907.850204 -26.359183 0.810061 -3.411795 -0.023533 -0.727195 0.016510 0.685829
1666059907.950204 -26.192139 0.808625 -3.399902 -0.023948 -0.727065 0.016788 0.685945
1666059908.050204 -26.025235 0.799235 -3.395111 -0.024502 -0.726476 0.016283 0.686562
1666059908.150204 -25.866254 0.797457 -3.380378 -0.023479 -0.727149 0.015947 0.685892
1666059908.250204 -25.705532 0.790062 -3.372325 -0.024426 -0.726668 0.014738 0.686397
1666059908.350204 -25.536482 0.784670 -3.358604 -0.024606 -0.726955 0.015221 0.686076
1666059908.450204 -25.381366 0.776768 -3.350696 -0.025247 -0.726797 0.014721 0.686230
1666059908.550204 -25.217382 0.767581 -3.336730 -0.026302 -0.727339 0.013817 0.685635
1666059908.650204 -25.057423 0.761778 -3.325301 -0.025974 -0.727667 0.015101 0.685272
1666059908.750204 -24.899761 0.762234 -3.312863 -0.025925 -0.727900 0.014572 0.685038
1666059908.850204 -24.744292 0.762056 -3.306099 -0.024172 -0.728068 0.015492 0.684903
1666059908.950204 -24.584469 0.760954 -3.291404 -0.023955 -0.728352 0.016199 0.684593
1666059909.050204 -24.415834 0.758052 -3.278830 -0.022932 -0.728190 0.016639 0.684789
1666059909.150204 -24.254524 0.754954 -3.272287 -0.022697 -0.727865 0.015973 0.685158
1666059909.250204 -24.092745 0.751549 -3.254060 -0.024339 -0.728117 0.014597 0.684865
1666059909.350204 -23.933153 0.745424 -3.239101 -0.024917 -0.728371 0.014772 0.684571
1666059909.450204 -23.781120 0.746519 -3.225551 -0.025958 -0.728410 0.013813 0.684511
1666059909.550204 -23.621873 0.739739 -3.221039 -0.023497 -0.728629 0.014009 0.684362
1666059909.650204 -23.462106 0.731471 -3.216137 -0.024282 -0.728928 0.012508 0.684045
1666059909.750204 -23.292985 0.728278 -3.194238 -0.024467 -0.728527 0.014804 0.684419
1666059909.850204 -23.124933 0.721826 -3.186755 -0.025238 -0.729180 0.012684 0.683738
1666059909.950204 -22.965733 0.713029 -3.182837 -0.026524 -0.730394 0.011751 0.682410
1666059910.050204 -22.796112 0.706459 -3.166813 -0.027123 -0.729386 0.013626 0.683429
1666059910.150204 -22.620631 0.693346 -3.163836 -0.027052 -0.729131 0.013179 0.683712
1666059910.250204 -22.452943 0.692241 -3.145302 -0.026204 -0.729802 0.012970 0.683033
1666059910.350204 -22.290143 0.690910 -3.135994 -0.025596 -0.729038 0.013387 0.683863
1666059910.450204 -22.135254 0.686560 -3.122226 -0.027130 -0.728911 0.013405 0.683939
1666059910.550204 -21.978982 0.677304 -3.097953 -0.027952 -0.728967 0.012932 0.683855
1666059910.650204 -21.821183 0.674835 -3.079777 -0.029103 -0.729646 0.011047 0.683116
1666059910.750204 -21.654519 0.674462 -3.065727 -0.028533 -0.729737 0.012066 0.683025
1666059910.850204 -21.493893 0.666183 -3.055346 -0.028505 -0.729671 0.011881 0.683100
1666059910.950204 -21.331108 0.660382 -3.040461 -0.027943 -0.729602 0.011951 0.683196
1666059911.050204 -21.166747 0.648882 -3.023535 -0.027854 -0.729631 0.011810 0.683172
1666059911.150204 -21.007093 0.646563 -3.013286 -0.027117 -0.729290 0.012543 0.683552
1666059911.250204 -20.835757 0.640125 -3.000286 -0.027476 -0.729068 0.012409 0.683777
1666059911.350204 -20.663045 0.628130 -2.982692 -0.028652 -0.729067 0.011348 0.683748
1666059911.450204 -20.502121 0.623763 -2.966380 -0.028729 -0.729185 0.012032 0.683607
1666059911.550204 -20.338697 0.613181 -2.954238 -0.029641 -0.728952 0.011271 0.683830
1666059911.650217 -20.190853 0.610435 -2.941947 -0.029485 -0.728788 0.010674 0.684021
1666059911.750226 -20.042645 0.604775 -2.936133 -0.029873 -0.728944 0.009516 0.683855
1666059911.850235 -19.881767 0.600235 -2.921058 -0.030537 -0.728521 0.009712 0.684274
1666059911.950243 -19.727190 0.599437 -2.911662 -0.030484 -0.728384 0.009926 0.684419
1666059912.050249 -19.566148 0.591707 -2.904802 -0.031514 -0.728419 0.008279 0.684357
1666059912.150254 -19.404497 0.584781 -2.892852 -0.031372 -0.728481 0.009352 0.684284
1666059912.250257 -19.247248 0.579333 -2.880968 -0.031790 -0.728065 0.009949 0.684698
1666059912.350257 -19.084372 0.571274 -2.865607 -0.031356 -0.727846 0.009468 0.684958
1666059912.450256 -18.917753 0.558139 -2.858141 -0.031400 -0.727489 0.009145 0.685339
1666059912.550257 -18.764911 0.552179 -2.849423 -0.031353 -0.726876 0.009173 0.685991
1666059912.650258 -18.607320 0.548665 -2.836008 -0.031776 -0.726649 0.009021 0.686214
1666059912.750259 -18.438192 0.539521 -2.828171 -0.032547 -0.726356 0.007725 0.686505
1666059912.850261 -18.282770 0.537236 -2.812661 -0.032409 -0.726599 0.008626 0.686243
1666059912.950263 -18.114540 0.531569 -2.803815 -0.032471 -0.726229 0.008346 0.686634
1666059913.050264 -17.951177 0.525028 -2.795831 -0.031889 -0.727575 0.007849 0.685241
1666059913.150264 -17.777208 0.513070 -2.785849 -0.032489 -0.728565 0.007058 0.684169
1666059913.250263 -17.603973 0.508368 -2.778395 -0.028233 -0.732172 0.010178 0.680459
1666059913.350261 -17.438899 0.501067 -2.764866 -0.030956 -0.734861 0.009805 0.677439
1666059913.450260 -17.269313 0.490348 -2.745851 -0.032694 -0.737106 0.009039 0.674925
1666059913.550258 -17.104571 0.484639 -2.730126 -0.031762 -0.739795 0.009216 0.672019
1666059913.650258 -16.943093 0.481555 -2.711906 -0.031797 -0.742528 0.009120 0.668998
1666059913.750258 -16.776946 0.472634 -2.698148 -0.031659 -0.744132 0.009564 0.667214
1666059913.850258 -16.611531 0.461562 -2.677682 -0.031526 -0.744291 0.009579 0.667042
1666059913.950258 -16.437646 0.457659 -2.661703 -0.029980 -0.744993 0.009826 0.666326
1666059914.050258 -16.262782 0.449451 -2.643133 -0.031525 -0.746475 0.009167 0.664603
1666059914.150258 -16.105116 0.445469 -2.623911 -0.033107 -0.746797 0.008633 0.664171
1666059914.250258 -15.944293 0.438298 -2.597091 -0.033065 -0.747813 0.008317 0.663034
1666059914.350258 -15.781645 0.430054 -2.575952 -0.033631 -0.748237 0.008141 0.662528
1666059914.450258 -15.606469 0.421604 -2.562261 -0.033610 -0.748214 0.007712 0.662561
1666059914.550258 -15.441488 0.414960 -2.534099 -0.033897 -0.748239 0.007912 0.662515
1666059914.650258 -15.273883 0.407421 -2.516316 -0.032759 -0.748610 0.008258 0.662150
1666059914.750245 -15.111170 0.399817 -2.494115 -0.033002 -0.748430 0.007815 0.662347
1666059914.850234 -14.944816 0.386341 -2.470405 -0.033521 -0.748474 0.007738 0.662271
1666059914.950226 -14.778656 0.370289 -2.447094 -0.033598 -0.748810 0.008077 0.661883
1666059915.050217 -14.612675 0.355085 -2.423574 -0.034222 -0.748494 0.007806 0.662211
1666059915.150211 -14.455051 0.351622 -2.406901 -0.033974 -0.749093 0.007586 0.661550
1666059915.250206 -14.298892 0.347992 -2.383300 -0.034341 -0.749268 0.006781 0.661341
1666059915.350201 -14.134566 0.340758 -2.367892 -0.033576 -0.749651 0.007014 0.660944
1666059915.450196 -13.977750 0.335803 -2.342712 -0.034696 -0.749732 0.006176 0.660802
1666059915.550192 -13.823867 0.328982 -2.315484 -0.035027 -0.750091 0.005917 0.660380
1666059915.650190 -13.660905 0.320889 -2.285674 -0.034438 -0.750414 0.007668 0.660025
1666059915.750187 -13.503462 0.314255 -2.261023 -0.034757 -0.750425 0.007674 0.659996
1666059915.850186 -13.340571 0.297170 -2.238157 -0.034057 -0.751323 0.007401 0.659013
1666059915.950185 -13.173482 0.287421 -2.218774 -0.033812 -0.750278 0.007282 0.660217
1666059916.050184 -13.011882 0.276193 -2.200909 -0.033860 -0.751265 0.007104 0.659093
1666059916.150182 -12.859880 0.267341 -2.170115 -0.036183 -0.751224 0.006938 0.659018
1666059916.250181 -12.707549 0.261531 -2.140925 -0.036198 -0.751340 0.007198 0.658882
1666059916.350178 -12.542566 0.248755 -2.120232 -0.035790 -0.751831 0.006907 0.658347
1666059916.450175 -12.382235 0.239232 -2.089504 -0.036549 -0.751970 0.007123 0.658144
1666059916.550173 -12.223595 0.227021 -2.073489 -0.036704 -0.752067 0.007204 0.658025
1666059916.650169 -12.061054 0.216287 -2.050356 -0.036515 -0.752145 0.006032 0.657958
1666059916.750168 -11.902167 0.211820 -2.030745 -0.035404 -0.752174 0.006316 0.657983
1666059916.850168 -11.748637 0.209578 -2.007510 -0.036603 -0.751982 0.005886 0.658141
1666059916.950168 -11.581289 0.193038 -1.985365 -0.037570 -0.751953 0.006393 0.658114
1666059917.050168 -11.415974 0.181114 -1.969832 -0.036690 -0.751982 0.006813 0.658127
1666059917.150168 -11.260148 0.177921 -1.945942 -0.037545 -0.751860 0.006600 0.658220
1666059917.250168 -11.098181 0.172835 -1.925549 -0.037096 -0.751972 0.006858 0.658115
1666059917.350168 -10.934813 0.160811 -1.901944 -0.037337 -0.751837 0.006766 0.658256
1666059917.450168 -10.785410 0.151274 -1.883817 -0.037751 -0.752018 0.006826 0.658025
1666059917.550168 -10.628727 0.140126 -1.859652 -0.039178 -0.751865 0.006063 0.658125
1666059917.650168 -10.480424 0.134258 -1.835387 -0.039652 -0.751786 0.006352 0.658183
1666059917.750168 -10.324811 0.121764 -1.814671 -0.039167 -0.751763 0.006092 0.658241
1666059917.850168 -10.170196 0.109543 -1.790947 -0.040340 -0.751879 0.005310 0.658045
1666059917.950168 -10.012531 0.099698 -1.771604 -0.039946 -0.751873 0.005424 0.658075
1666059918.050168 -9.850636 0.091941 -1.752141 -0.039697 -0.751551 0.005299 0.658459
1666059918.150168 -9.693223 0.077842 -1.728658 -0.039641 -0.751735 0.005667 0.658248
1666059918.250168 -9.535436 0.065098 -1.713665 -0.040245 -0.750986 0.004589 0.659075
1666059918.350168 -9.382675 0.055962 -1.690557 -0.041629 -0.750659 0.004179 0.659364
1666059918.450168 -9.231077 0.047346 -1.671370 -0.040669 -0.750578 0.004779 0.659512
1666059918.550168 -9.069839 0.038458 -1.648989 -0.041576 -0.750321 0.004134 0.659752
1666059918.650168 -8.913803 0.024966 -1.631724 -0.041280 -0.750334 0.004263 0.659755
1666059918.750168 -8.753233 0.019341 -1.613449 -0.041200 -0.749772 0.003201 0.660404
1666059918.850168 -8.593920 0.008992 -1.598081 -0.041455 -0.749556 0.003059 0.660634
1666059918.950168 -8.437585 -0.000519 -1.577366 -0.041525 -0.748925 0.003085 0.661345
1666059919.050168 -8.277161 -0.009634 -1.559984 -0.042613 -0.748719 0.002687 0.661511
1666059919.150168 -8.115630 -0.018813 -1.545531 -0.041639 -0.748149 0.003650 0.662213
1666059919.250168 -7.959025 -0.028079 -1.523441 -0.041878 -0.747880 0.003416 0.662503
1666059919.350168 -7.801485 -0.035187 -1.504522 -0.041667 -0.747680 0.002890 0.662744
1666059919.450168 -7.637378 -0.046688 -1.492687 -0.041258 -0.746993 0.002190 0.663546
1666059919.550168 -7.476912 -0.053166 -1.470874 -0.040763 -0.747108 0.002601 0.663446
1666059919.650168 -7.316903 -0.061499 -1.451942 -0.041029 -0.746482 0.002557 0.664134
1666059919.750168 -7.154259 -0.073277 -1.435799 -0.042347 -0.746412 0.001935 0.664133
1666059919.850168 -7.004341 -0.082595 -1.415659 -0.041876 -0.746065 0.003267 0.664547
1666059919.950168 -6.855290 -0.089634 -1.396917 -0.041921 -0.745368 0.003231 0.665326
1666059920.050168 -6.700769 -0.101507 -1.384088 -0.041579 -0.745558 0.003261 0.665134
1666059920.150168 -6.537498 -0.112379 -1.366128 -0.041783 -0.745020 0.003161 0.665725
1666059920.250168 -6.379724 -0.120895 -1.348746 -0.041427 -0.744640 0.004230 0.666166
1666059920.350168 -6.220328 -0.132738 -1.331392 -0.041792 -0.744205 0.003373 0.666634
1666059920.450168 -6.063738 -0.144167 -1.313330 -0.042519 -0.744054 0.002242 0.666761
1666059920.550168 -5.907038 -0.151911 -1.294289 -0.042197 -0.743787 0.003214 0.667075
1666059920.650168 -5.755754 -0.156840 -1.274527 -0.042785 -0.743668 0.004267 0.667164
1666059920.750168 -5.609920 -0.167299 -1.263002 -0.042561 -0.743326 0.002989 0.667567
1666059920.850168 -5.460979 -0.177590 -1.242975 -0.042616 -0.743231 0.002179 0.667673
1666059920.950159 -5.311632 -0.193134 -1.225211 -0.043158 -0.743350 0.002153 0.667505
1666059921.050150 -5.163322 -0.204812 -1.202818 -0.045605 -0.742782 0.000938 0.667978
1666059921.150143 -5.005405 -0.214232 -1.186961 -0.046742 -0.741612 -0.000392 0.669199
1666059921.250135 -4.841338 -0.224986 -1.169211 -0.045891 -0.739912 -0.000825 0.671136
1666059921.350128 -4.670372 -0.240312 -1.148477 -0.046320 -0.738687 -0.000887 0.672455
1666059921.450121 -4.504168 -0.251416 -1.130053 -0.045171 -0.734082 0.000083 0.677557
1666059921.550115 -4.345702 -0.263479 -1.109690 -0.043780 -0.723239 0.003179 0.689202
1666059921.650111 -4.214591 -0.268724 -1.112625 -0.042582 -0.709166 -0.000093 0.703755
1666059921.750108 -4.086125 -0.270671 -1.109825 -0.044623 -0.695898 -0.002118 0.716750
1666059921.850104 -3.966709 -0.281280 -1.110573 -0.046358 -0.682922 -0.005348 0.728999
1666059921.950103 -3.839883 -0.290049 -1.115493 -0.045644 -0.672426 -0.004143 0.738744
1666059922.050101 -3.719931 -0.294029 -1.124750 -0.045701 -0.658346 -0.005300 0.751309
1666059922.150100 -3.597429 -0.302078 -1.141943 -0.047106 -0.648660 -0.007654 0.759580
1666059922.250100 -3.476446 -0.307885 -1.159668 -0.045981 -0.637125 -0.006088 0.769363
1666059922.350101 -3.372285 -0.309252 -1.194084 -0.043570 -0.615774 -0.010131 0.786652
1666059922.450103 -3.259378 -0.316711 -1.227410 -0.043252 -0.609969 -0.013916 0.791122
1666059922.550104 -3.129603 -0.329343 -1.249383 -0.044233 -0.599056 -0.010225 0.799419
1666059922.650107 -3.020239 -0.336324 -1.289493 -0.043420 -0.578883 -0.011234 0.814176
1666059922.750110 -2.918047 -0.345773 -1.330767 -0.043972 -0.568425 -0.014121 0.821438
1666059922.850114 -2.809407 -0.358125 -1.366982 -0.042769 -0.555199 -0.009150 0.830566
1666059922.950116 -2.729605 -0.368022 -1.408387 -0.043081 -0.533527 -0.013158 0.844582
1666059923.050116 -2.647675 -0.373308 -1.452483 -0.045776 -0.525882 -0.015720 0.849179
1666059923.150125 -2.564722 -0.388916 -1.494557 -0.045133 -0.504323 -0.012839 0.862239
1666059923.250134 -2.505652 -0.396275 -1.554340 -0.042654 -0.488345 -0.021064 0.871353
1666059923.350142 -2.438704 -0.406712 -1.597341 -0.042367 -0.482996 -0.018745 0.874396
1666059923.450150 -2.383346 -0.414360 -1.635356 -0.042451 -0.473653 -0.019707 0.879467
1666059923.550158 -2.329943 -0.423838 -1.668938 -0.044315 -0.464182 -0.022213 0.884352
1666059923.650165 -2.263860 -0.433106 -1.708441 -0.045326 -0.455962 -0.021441 0.888586
1666059923.750171 -2.197204 -0.440245 -1.749853 -0.048405 -0.450834 -0.022552 0.891009
1666059923.850176 -2.119247 -0.450602 -1.798116 -0.049075 -0.443112 -0.022149 0.894848
1666059923.950181 -2.033916 -0.465541 -1.862326 -0.048908 -0.436671 -0.023012 0.897996
1666059924.050186 -1.944904 -0.480191 -1.930949 -0.047036 -0.431320 -0.022237 0.900698
1666059924.150190 -1.860415 -0.492681 -2.000777 -0.042747 -0.420737 -0.021235 0.905926
1666059924.250194 -1.801094 -0.499206 -2.058610 -0.042510 -0.403761 -0.023331 0.913579
1666059924.350197 -1.748898 -0.507112 -2.106311 -0.042306 -0.382425 -0.023532 0.922717
1666059924.450200 -1.715936 -0.513448 -2.152126 -0.042224 -0.356767 -0.026738 0.932855
1666059924.550200 -1.685649 -0.520072 -2.200538 -0.041663 -0.330798 -0.027064 0.942393
1666059924.650200 -1.660183 -0.528569 -2.246012 -0.040568 -0.304425 -0.028170 0.951255
1666059924.750199 -1.639603 -0.533559 -2.272526 -0.039231 -0.281412 -0.030230 0.958308
1666059924.850199 -1.612715 -0.538542 -2.299666 -0.039524 -0.258696 -0.031537 0.964634
1666059924.950199 -1.577357 -0.542922 -2.335294 -0.039531 -0.237419 -0.031562 0.970089
1666059925.050200 -1.535546 -0.543521 -2.377389 -0.041738 -0.219484 -0.032036 0.974196
1666059925.150200 -1.497522 -0.552367 -2.444164 -0.041718 -0.212483 -0.031356 0.975770
1666059925.250200 -1.450937 -0.563991 -2.527820 -0.040388 -0.209979 -0.028385 0.976459
1666059925.350200 -1.402356 -0.579107 -2.623499 -0.035715 -0.206477 -0.026324 0.977445
1666059925.450200 -1.358700 -0.590645 -2.716834 -0.028533 -0.204463 -0.023819 0.978168
1666059925.550200 -1.334047 -0.590301 -2.800929 -0.026176 -0.200490 -0.029915 0.978889
1666059925.650200 -1.314638 -0.590964 -2.879488 -0.024430 -0.193945 -0.036684 0.980022
1666059925.750200 -1.284353 -0.591894 -2.944628 -0.025817 -0.183515 -0.037627 0.981957
1666059925.850200 -1.251106 -0.592077 -3.001591 -0.027274 -0.158910 -0.037996 0.986185
1666059925.950200 -1.212824 -0.595824 -3.074864 -0.029010 -0.138396 -0.036111 0.989293
1666059926.050200 -1.193363 -0.595116 -3.148057 -0.027723 -0.118617 -0.040925 0.991709
1666059926.150200 -1.154318 -0.597429 -3.225591 -0.033791 -0.112975 -0.034048 0.992439
1666059926.250200 -1.122606 -0.608184 -3.305878 -0.038785 -0.107507 -0.030243 0.992987
1666059926.350200 -1.106544 -0.618231 -3.392371 -0.043306 -0.104321 -0.033251 0.993044
1666059926.450200 -1.092715 -0.626454 -3.470734 -0.050098 -0.104580 -0.035880 0.992606
1666059926.550200 -1.079566 -0.629938 -3.543855 -0.049644 -0.097338 -0.041430 0.993149
1666059926.650205 -1.065528 -0.635209 -3.621209 -0.048615 -0.089926 -0.044175 0.993780
1666059926.750217 -1.036302 -0.646244 -3.712237 -0.045803 -0.078762 -0.043857 0.994874
1666059926.850226 -1.021118 -0.658629 -3.812854 -0.043195 -0.068631 -0.040594 0.995880
1666059926.950237 -1.006983 -0.666532 -3.911000 -0.041580 -0.067080 -0.040036 0.996077
1666059927.050245 -0.983888 -0.679138 -4.012461 -0.039347 -0.063024 -0.035279 0.996612
1666059927.150253 -0.975396 -0.685523 -4.109206 -0.037220 -0.063072 -0.035873 0.996669
1666059927.250261 -0.960691 -0.693385 -4.209188 -0.035918 -0.061802 -0.036460 0.996775
1666059927.350267 -0.945454 -0.700130 -4.317000 -0.035304 -0.060515 -0.036655 0.996869
1666059927.450275 -0.931150 -0.706153 -4.424187 -0.036086 -0.059134 -0.038207 0.996866
1666059927.550282 -0.907493 -0.716942 -4.545841 -0.034861 -0.057387 -0.034761 0.997137
1666059927.650292 -0.882527 -0.726766 -4.675142 -0.032831 -0.057381 -0.031574 0.997313
1666059927.750302 -0.871587 -0.741989 -4.811688 -0.032425 -0.056710 -0.032341 0.997340
1666059927.850312 -0.855386 -0.747911 -4.938449 -0.030361 -0.055482 -0.033425 0.997438
1666059927.950321 -0.842464 -0.753414 -5.044914 -0.030365 -0.053860 -0.033369 0.997529
1666059928.050329 -0.828532 -0.759431 -5.157888 -0.029429 -0.052077 -0.034401 0.997616
1666059928.150336 -0.816049 -0.762050 -5.262600 -0.031180 -0.052099 -0.034316 0.997565
1666059928.250341 -0.796313 -0.768969 -5.372280 -0.029966 -0.051115 -0.032595 0.997711
1666059928.350348 -0.786180 -0.781058 -5.489661 -0.028220 -0.049869 -0.032383 0.997832
1666059928.450352 -0.776451 -0.787040 -5.609919 -0.024974 -0.048358 -0.033460 0.997957
1666059928.550355 -0.759477 -0.790372 -5.707138 -0.020325 -0.044683 -0.032716 0.998258
1666059928.650357 -0.750923 -0.795983 -5.787011 -0.020061 -0.042451 -0.032850 0.998357
1666059928.750356 -0.739568 -0.798430 -5.848565 -0.019844 -0.041185 -0.032171 0.998436
1666059928.850356 -0.734117 -0.800592 -5.890432 -0.020418 -0.043053 -0.032563 0.998333
1666059928.950356 -0.729099 -0.801774 -5.921616 -0.020952 -0.043060 -0.032336 0.998329
1666059929.050356 -0.716866 -0.802956 -5.956086 -0.020960 -0.044117 -0.031701 0.998303
1666059929.150357 -0.706626 -0.804220 -5.994187 -0.020959 -0.044864 -0.031862 0.998265
1666059929.250356 -0.698093 -0.809596 -6.025040 -0.020977 -0.045764 -0.031633 0.998231
1666059929.350356 -0.695328 -0.809965 -6.047549 -0.020799 -0.045933 -0.031697 0.998225
1666059929.450356 -0.683157 -0.816325 -6.079951 -0.021021 -0.046806 -0.031403 0.998189
1666059929.550356 -0.682278 -0.816015 -6.104968 -0.020662 -0.046649 -0.031474 0.998202
1666059929.650357 -0.666731 -0.822149 -6.149993 -0.020738 -0.047481 -0.031390 0.998163
1666059929.750356 -0.658826 -0.823348 -6.173185 -0.020686 -0.048273 -0.031168 0.998133
1666059929.850356 -0.653398 -0.822932 -6.196094 -0.020374 -0.048648 -0.031016 0.998126
1666059929.950356 -0.648609 -0.826903 -6.225399 -0.020396 -0.048870 -0.030837 0.998121
1666059930.050356 -0.644706 -0.830007 -6.250195 -0.020387 -0.049010 -0.030632 0.998120
1666059930.150357 -0.638293 -0.828937 -6.277157 -0.019908 -0.049512 -0.030543 0.998108
1666059930.250356 -0.635917 -0.834781 -6.314411 -0.020029 -0.049558 -0.030475 0.998105
1666059930.350356 -0.628614 -0.839370 -6.345625 -0.019986 -0.050063 -0.030189 0.998090
1666059930.450356 -0.626039 -0.839342 -6.373562 -0.019675 -0.050200 -0.030208 0.998088
1666059930.550356 -0.618609 -0.838743 -6.402203 -0.019341 -0.050777 -0.030089 0.998069
1666059930.650357 -0.605987 -0.846013 -6.442868 -0.019475 -0.051648 -0.029852 0.998029
1666059930.750356 -0.600657 -0.847570 -6.468007 -0.019328 -0.051921 -0.029716 0.998022
1666059930.850356 -0.595624 -0.848028 -6.505694 -0.019102 -0.052228 -0.029672 0.998012
1666059930.950356 -0.586520 -0.849619 -6.536106 -0.018906 -0.052962 -0.029594 0.997979
1666059931.050356 -0.582593 -0.853914 -6.571265 -0.018949 -0.053227 -0.029433 0.997969
1666059931.150357 -0.580597 -0.851693 -6.596308 -0.018455 -0.053418 -0.029725 0.997959
1666059931.250356 -0.577098 -0.855169 -6.621632 -0.018562 -0.053411 -0.029503 0.997964
1666059931.350356 -0.574932 -0.856177 -6.647219 -0.018358 -0.053526 -0.029449 0.997963
1666059931.450356 -0.571163 -0.859399 -6.672135 -0.018391 -0.053649 -0.029355 0.997959
1666059931.550356 -0.564599 -0.861329 -6.701153 -0.018198 -0.053988 -0.029131 0.997951
1666059931.650357 -0.557939 -0.862088 -6.724492 -0.017986 -0.054479 -0.028978 0.997932
1666059931.750356 -0.550378 -0.863374 -6.754111 -0.017718 -0.054987 -0.028805 0.997914
1666059931.850356 -0.537727 -0.868378 -6.790393 -0.017805 -0.055820 -0.028618 0.997872
1666059931.950356 -0.529830 -0.869800 -6.821278 -0.017557 -0.056351 -0.028493 0.997850
1666059932.050356 -0.518771 -0.880131 -6.862426 -0.017902 -0.056989 -0.028192 0.997816
1666059932.150357 -0.504676 -0.888355 -6.898616 -0.018088 -0.058078 -0.027781 0.997761
1666059932.250356 -0.492280 -0.893034 -6.928386 -0.018060 -0.059165 -0.027508 0.997706
1666059932.350356 -0.485929 -0.894049 -6.954439 -0.017819 -0.059523 -0.027369 0.997693
1666059932.450356 -0.481419 -0.896695 -6.988106 -0.017697 -0.059680 -0.027235 0.997689
1666059932.550356 -0.477826 -0.903607 -7.022364 -0.018003 -0.059741 -0.026848 0.997690
1666059932.650357 -0.465772 -0.911126 -7.056795 -0.018160 -0.060615 -0.026355 0.997648
