1666059836.452089 0.002408 -0.000753 -0.032192 0.000071 -0.000338 0.000088 1.000000
1666059836.551674 0.006920 0.000023 -0.056488 0.000400 -0.001096 0.000200 0.999999
1666059836.651352 0.013614 0.000331 -0.087675 0.000675 -0.002010 0.000327 0.999998
1666059836.751101 0.020441 0.002515 -0.121856 0.001000 -0.002832 0.000492 0.999995
1666059836.850908 0.021165 0.002456 -0.146836 0.001333 -0.003063 0.000806 0.999994
1666059836.950758 0.023005 -0.000345 -0.175554 0.001216 -0.003494 0.001003 0.999993
1666059837.050643 0.025876 -0.002429 -0.204076 0.001142 -0.003750 0.001181 0.999992
1666059837.150556 0.032692 -0.000604 -0.225919 0.001383 -0.004678 0.001479 0.999987
1666059837.250489 0.039460 -0.002797 -0.257720 0.001552 -0.005424 0.001444 0.999983
1666059837.350441 0.046941 -0.001039 -0.283818 0.001943 -0.006256 0.001553 0.999977
1666059837.450401 0.052728 -0.002080 -0.312146 0.002078 -0.007096 0.001688 0.999971
1666059837.550370 0.056623 -0.004809 -0.339732 0.001979 -0.007621 0.001864 0.999967
1666059837.650346 0.065167 -0.001126 -0.366057 0.002580 -0.008737 0.001966 0.999957
1666059837.750328 0.071956 -0.003739 -0.392349 0.002461 -0.009449 0.002366 0.999950
1666059837.850313 0.074059 -0.004881 -0.420641 0.002539 -0.009786 0.002462 0.999946
1666059837.950303 0.078602 -0.004470 -0.445436 0.002713 -0.010387 0.002762 0.999939
1666059838.050294 0.082750 -0.004695 -0.474143 0.002995 -0.011045 0.002705 0.999931
1666059838.150288 0.084085 -0.004167 -0.501666 0.003264 -0.011370 0.002638 0.999927
1666059838.250283 0.093539 -0.002279 -0.525915 0.003694 -0.012653 0.002883 0.999909
1666059838.350278 0.093530 -0.000764 -0.553187 0.004110 -0.012916 0.002641 0.999905
1666059838.450278 0.102164 -0.000652 -0.582027 0.004310 -0.013810 0.002770 0.999892
1666059838.550278 0.106597 0.001662 -0.609094 0.004792 -0.014380 0.002705 0.999881
1666059838.650278 0.118301 0.002556 -0.635572 0.005114 -0.015847 0.003114 0.999857
1666059838.750278 0.124022 -0.000005 -0.660797 0.004997 -0.016464 0.003626 0.999845
1666059838.850278 0.125502 0.000660 -0.682683 0.005181 -0.016690 0.003646 0.999841
1666059838.950278 0.129899 -0.003893 -0.710122 0.004784 -0.017243 0.003944 0.999832
1666059839.050278 0.130736 -0.003243 -0.734400 0.004908 -0.017375 0.003775 0.999830
1666059839.150278 0.136461 -0.003576 -0.765372 0.005183 -0.017934 0.003782 0.999819
1666059839.250278 0.139831 -0.001565 -0.795018 0.005626 -0.018331 0.003687 0.999809
1666059839.350278 0.143681 0.000834 -0.813831 0.006037 -0.018929 0.003682 0.999796
1666059839.450278 0.148235 0.003106 -0.833003 0.006374 -0.019486 0.003763 0.999783
1666059839.550278 0.159757 0.005281 -0.860686 0.006764 -0.020813 0.003939 0.999753
1666059839.650278 0.166067 0.007737 -0.886622 0.007279 -0.021482 0.003896 0.999735
1666059839.750278 0.172043 0.007480 -0.910665 0.007442 -0.022050 0.004163 0.999721
1666059839.850278 0.175405 0.007783 -0.929958 0.007651 -0.022064 0.004413 0.999718
1666059839.950278 0.180482 0.011610 -0.951440 0.008291 -0.023719 0.004357 0.999675
1666059840.050278 0.185902 0.014501 -0.975632 0.008752 -0.023977 0.004316 0.999665
1666059840.150278 0.193737 0.011883 -1.006780 0.007977 -0.023303 0.004203 0.999688
1666059840.250278 0.199133 0.016726 -1.046454 0.005871 -0.024315 0.004285 0.999678
1666059840.350278 0.203941 0.018725 -1.105948 0.006425 -0.024610 0.004395 0.999667
1666059840.450278 0.206942 0.020691 -1.179318 0.007687 -0.024012 0.003909 0.999674
1666059840.550278 0.215348 0.021453 -1.260312 0.009071 -0.023886 0.004372 0.999664
1666059840.650278 0.219578 0.022366 -1.340449 0.009157 -0.024068 0.003753 0.999661
1666059840.750278 0.224311 0.020645 -1.438697 0.008808 -0.023274 0.003356 0.999685
1666059840.850278 0.229898 0.022248 -1.535006 0.007331 -0.022734 0.003196 0.999710
1666059840.950278 0.239466 0.027199 -1.641680 0.006835 -0.022802 0.003562 0.999710
1666059841.050278 0.249844 0.028697 -1.760409 0.007812 -0.023167 0.004867 0.999689
1666059841.150278 0.255809 0.028494 -1.883095 0.008096 -0.021961 0.004102 0.999718
1666059841.250278 0.263034 0.030872 -1.997514 0.009216 -0.023220 0.003497 0.999682
1666059841.350278 0.263959 0.029635 -2.120559 0.008876 -0.022324 0.003535 0.999705
1666059841.450278 0.271149 0.029327 -2.228667 0.009859 -0.021429 0.003081 0.999717
1666059841.550278 0.274135 0.030798 -2.340708 0.009822 -0.022399 0.002998 0.999696
1666059841.650278 0.281901 0.036789 -2.445188 0.009381 -0.021281 0.003073 0.999725
1666059841.750268 0.290003 0.041593 -2.562480 0.009102 -0.020642 0.002671 0.999742
1666059841.850255 0.299171 0.043946 -2.695470 0.009147 -0.020665 0.003298 0.999739
1666059841.950246 0.305440 0.039835 -2.842409 0.015094 -0.019460 0.004163 0.999688
1666059842.050238 0.307931 0.032951 -3.011302 0.025770 -0.018162 0.004685 0.999492
1666059842.150232 0.311427 0.046437 -3.150373 0.022880 -0.018277 0.003255 0.999566
1666059842.250228 0.306644 0.059531 -3.280523 0.016020 -0.017490 0.000390 0.999719
1666059842.350225 0.312120 0.064939 -3.419602 0.016240 -0.017360 0.001638 0.999716
1666059842.450226 0.318871 0.068584 -3.529327 0.002735 -0.016287 0.003471 0.999858
1666059842.550227 0.319033 0.059723 -3.645004 -0.004331 -0.016116 0.002533 0.999858
1666059842.650233 0.323118 0.057843 -3.766706 -0.006842 -0.015397 0.002811 0.999854
1666059842.750237 0.328534 0.049070 -3.893691 -0.003194 -0.013812 0.003414 0.999894
1666059842.850242 0.325984 0.047806 -4.002115 -0.006631 -0.014788 0.000532 0.999869
1666059842.950248 0.341811 0.049072 -4.114910 -0.005096 -0.014834 0.003641 0.999870
1666059843.050255 0.349939 0.041268 -4.254713 -0.006038 -0.012074 0.004187 0.999900
1666059843.150263 0.349169 0.035991 -4.426122 -0.002383 -0.012182 0.002497 0.999920
1666059843.250271 0.364447 0.036483 -4.607720 0.004328 -0.010608 0.006224 0.999915
1666059843.350281 0.370044 0.036905 -4.793767 0.009764 -0.011221 0.008258 0.999855
1666059843.450294 0.373552 0.042712 -4.964678 0.009606 -0.009487 0.007302 0.999882
1666059843.550307 0.379819 0.048785 -5.133589 0.008772 -0.009827 0.007013 0.999889
1666059843.650318 0.387991 0.051031 -5.297773 0.009761 -0.010918 0.007440 0.999865
1666059843.750323 0.392123 0.052162 -5.456421 0.009814 -0.009197 0.007443 0.999882
1666059843.850323 0.399184 0.055606 -5.608521 0.012902 -0.009369 0.008041 0.999841
1666059843.950323 0.405811 0.065403 -5.749104 0.014799 -0.008610 0.008040 0.999821
1666059844.050323 0.407549 0.071542 -5.887125 0.017372 -0.007930 0.008022 0.999785
1666059844.150323 0.410114 0.076759 -6.028241 0.019259 -0.008476 0.007650 0.999749
1666059844.250323 0.413732 0.083213 -6.164310 0.019612 -0.008629 0.006948 0.999746
1666059844.350323 0.411121 0.087570 -6.316347 0.016684 -0.012175 0.006828 0.999763
1666059844.450323 0.418496 0.092409 -6.475527 0.019969 -0.012164 0.008441 0.999691
1666059844.550323 0.421665 0.098955 -6.643758 0.022554 -0.012457 0.007886 0.999637
1666059844.650323 0.427320 0.106292 -6.801354 0.025308 -0.016146 0.008009 0.999517
1666059844.750323 0.437690 0.117397 -6.940984 0.023183 -0.020936 0.008110 0.999479
1666059844.850323 0.444280 0.124291 -7.083762 0.022982 -0.022287 0.007851 0.999457
1666059844.950323 0.452460 0.136443 -7.218818 0.021762 -0.024167 0.006909 0.999447
1666059845.050323 0.460138 0.142331 -7.365495 0.020921 -0.025369 0.007313 0.999432
1666059845.150323 0.467751 0.155636 -7.512892 0.021125 -0.026424 0.006954 0.999403
1666059845.250323 0.471822 0.161227 -7.664617 0.021049 -0.026618 0.005584 0.999408
1666059845.350323 0.487164 0.164023 -7.812701 0.019748 -0.028382 0.006307 0.999382
1666059845.450323 0.498041 0.168463 -7.969007 0.018345 -0.029696 0.006804 0.999367
1666059845.550323 0.506686 0.176039 -8.130424 0.020805 -0.033458 0.005860 0.999206
1666059845.650323 0.510071 0.183255 -8.293446 0.022918 -0.045103 0.002930 0.998715
1666059845.750323 0.525095 0.193093 -8.446423 0.020812 -0.058489 0.003472 0.998065
1666059845.850323 0.553389 0.200424 -8.592834 0.019410 -0.059761 0.007949 0.997992
1666059845.950323 0.561779 0.201899 -8.749339 0.019651 -0.061879 0.004141 0.997882
1666059846.050323 0.579441 0.208413 -8.898786 0.016764 -0.061594 0.003597 0.997954
1666059846.150323 0.602750 0.212943 -9.049984 0.017015 -0.063823 0.005601 0.997800
1666059846.250323 0.619409 0.218204 -9.210673 0.017039 -0.063434 0.005348 0.997826
1666059846.350323 0.640125 0.226097 -9.364024 0.016988 -0.063788 0.004769 0.997807
1666059846.450323 0.662890 0.234251 -9.520436 0.019231 -0.064072 0.006750 0.997737
1666059846.550323 0.681919 0.244245 -9.659118 0.016433 -0.065089 0.005364 0.997730
1666059846.650330 0.693999 0.258478 -9.793317 0.016187 -0.066939 0.002523 0.997623
1666059846.750350 0.712831 0.261897 -9.920217 0.011108 -0.067546 0.004109 0.997646
1666059846.850365 0.739789 0.251785 -10.080035 0.022653 -0.070374 0.006981 0.997239
1666059846.950379 0.762728 0.261378 -10.225408 0.019428 -0.070898 0.006694 0.997272
1666059847.050388 0.787348 0.264372 -10.384686 0.025024 -0.068672 0.007654 0.997296
1666059847.150398 0.799516 0.278823 -10.534766 0.030836 -0.067463 0.003441 0.997239
1666059847.250406 0.820420 0.289990 -10.668936 0.027927 -0.068615 0.002649 0.997249
1666059847.350410 0.850619 0.296969 -10.800534 0.019500 -0.067076 0.005567 0.997542
1666059847.450414 0.867738 0.303286 -10.942832 0.024286 -0.066474 0.004548 0.997482
1666059847.550416 0.883128 0.309694 -11.063979 0.020546 -0.067276 0.002900 0.997519
1666059847.650416 0.905489 0.313230 -11.185282 0.022157 -0.065732 0.004433 0.997581
1666059847.750414 0.917539 0.319074 -11.310716 0.020878 -0.064933 0.002910 0.997667
1666059847.850411 0.931600 0.327181 -11.436183 0.018859 -0.064413 0.001877 0.997743
1666059847.950407 0.960713 0.327400 -11.571226 0.021225 -0.061572 0.004706 0.997866
1666059848.050402 0.977170 0.336555 -11.710341 0.020791 -0.060758 0.003040 0.997931
1666059848.150396 0.996609 0.347577 -11.863695 0.020469 -0.061392 0.002797 0.997900
1666059848.250389 1.018677 0.352782 -12.020025 0.023428 -0.060923 0.003568 0.997861
1666059848.350381 1.035019 0.356899 -12.175707 0.023207 -0.060129 0.003927 0.997913
1666059848.450374 1.057707 0.361409 -12.328951 0.023158 -0.058650 0.005629 0.997994
1666059848.550364 1.075249 0.370494 -12.474595 0.025021 -0.058814 0.005435 0.997941
1666059848.650354 1.086292 0.372833 -12.624908 0.026076 -0.054889 0.003420 0.998146
1666059848.750354 1.103063 0.378226 -12.759803 0.031139 -0.048356 0.004690 0.998334
1666059848.850354 1.114217 0.385147 -12.850042 0.025566 -0.044045 0.004756 0.998691
1666059848.950354 1.115043 0.386226 -12.949884 0.021314 -0.045746 0.004625 0.998715
1666059849.050354 1.128313 0.387422 -13.050235 0.017740 -0.041988 0.005882 0.998943
1666059849.150354 1.134465 0.388172 -13.185128 0.017071 -0.039616 0.005672 0.999053
1666059849.250336 1.148230 0.391101 -13.327816 0.018055 -0.038917 0.006429 0.999059
1666059849.350321 1.157322 0.394076 -13.488802 0.021393 -0.037425 0.006279 0.999051
1666059849.450309 1.165739 0.400434 -13.642100 0.021369 -0.037055 0.006029 0.999067
1666059849.550297 1.178149 0.410075 -13.789230 0.020693 -0.036371 0.006174 0.999105
1666059849.650288 1.189381 0.410710 -13.939726 0.019266 -0.035381 0.007070 0.999163
1666059849.750278 1.198852 0.414889 -14.087036 0.018219 -0.032735 0.006102 0.999279
1666059849.850271 1.205959 0.422409 -14.236640 0.016644 -0.032156 0.004676 0.999333
1666059849.950263 1.211230 0.426535 -14.400707 0.017048 -0.028547 0.004380 0.999437
1666059850.050256 1.220426 0.432497 -14.566090 0.017597 -0.027382 0.004816 0.999459
1666059850.150248 1.235390 0.437264 -14.739216 0.018053 -0.026850 0.007380 0.999449
1666059850.250242 1.240829 0.439600 -14.919183 0.020673 -0.025391 0.006802 0.999441
1666059850.350235 1.245810 0.444255 -15.086449 0.020552 -0.023920 0.005275 0.999489
1666059850.450231 1.252544 0.455632 -15.246229 0.022223 -0.023906 0.005604 0.999451
1666059850.550225 1.261654 0.461749 -15.401572 0.022154 -0.024517 0.007792 0.999424
1666059850.650220 1.264757 0.467712 -15.560466 0.021597 -0.021664 0.006105 0.999513
1666059850.750215 1.276550 0.470578 -15.710667 0.021715 -0.022856 0.008554 0.999466
1666059850.850210 1.282230 0.476690 -15.856972 0.020656 -0.019237 0.009958 0.999552
1666059850.950205 1.279686 0.483922 -16.010023 0.020971 -0.018471 0.007141 0.999584
1666059851.050201 1.282076 0.490315 -16.161445 0.019763 -0.016274 0.006135 0.999653
1666059851.150200 1.293897 0.501582 -16.304267 0.012693 -0.017252 0.007977 0.999739
1666059851.250200 1.309631 0.493636 -16.479504 0.022651 -0.013680 0.012518 0.999571
1666059851.350199 1.314685 0.504480 -16.647267 0.022687 -0.014522 0.011589 0.999570
1666059851.450200 1.315214 0.512238 -16.814976 0.023591 -0.013554 0.009263 0.999587
1666059851.550200 1.319335 0.523946 -16.989493 0.033230 -0.013018 0.010620 0.999307
1666059851.650200 1.328061 0.534958 -17.128868 0.024518 -0.011632 0.011408 0.999567
1666059851.750200 1.327247 0.545609 -17.284985 0.024834 -0.011239 0.009570 0.999583
1666059851.850199 1.333002 0.554623 -17.436188 0.024415 -0.010424 0.009078 0.999606
1666059851.950207 1.342789 0.563331 -17.584778 0.022711 -0.010633 0.011102 0.999624
1666059852.050220 1.350694 0.569603 -17.737415 0.021922 -0.009842 0.011643 0.999643
1666059852.150232 1.360366 0.566801 -17.891240 0.018236 -0.009551 0.012271 0.999713
1666059852.250242 1.365035 0.573085 -18.035996 0.017174 -0.009104 0.012389 0.999734
1666059852.350251 1.368340 0.578303 -18.185343 0.015272 -0.007962 0.012595 0.999772
1666059852.450259 1.370070 0.583624 -18.339416 0.012715 -0.006976 0.011624 0.999827
1666059852.550268 1.371712 0.583211 -18.498084 0.009538 -0.006237 0.012000 0.999863
1666059852.650278 1.378998 0.588522 -18.654181 0.009297 -0.005508 0.013474 0.999851
1666059852.750289 1.378723 0.589781 -18.814680 0.007659 -0.004133 0.013911 0.999865
1666059852.850299 1.380931 0.592822 -18.974380 0.009874 -0.002890 0.013309 0.999859
1666059852.950308 1.378404 0.590140 -19.136839 0.011255 -0.002180 0.013309 0.999846
1666059853.050314 1.379725 0.591303 -19.296972 0.011230 -0.001095 0.013405 0.999846
1666059853.150321 1.381820 0.596179 -19.451422 0.012242 -0.000214 0.011803 0.999855
1666059853.250325 1.382113 0.605049 -19.604992 0.011443 0.000236 0.011399 0.999870
1666059853.350329 1.391372 0.608345 -19.757273 0.011298 0.000361 0.013039 0.999851
1666059853.450332 1.388017 0.612661 -19.910033 0.011866 0.001431 0.012073 0.999856
1666059853.550332 1.390001 0.612834 -20.065127 0.011408 0.002609 0.011450 0.999866
1666059853.650330 1.385135 0.619360 -20.218774 0.010509 0.003202 0.010105 0.999889
1666059853.750325 1.392661 0.624040 -20.374322 0.011539 0.003871 0.011135 0.999864
1666059853.850320 1.387729 0.626140 -20.537755 0.012844 0.004815 0.010050 0.999855
1666059853.950315 1.389284 0.627799 -20.695473 0.012674 0.004934 0.009990 0.999858
1666059854.050314 1.393054 0.631416 -20.856642 0.013798 0.005803 0.010657 0.999831
1666059854.150315 1.387000 0.637138 -21.014462 0.014271 0.007299 0.010137 0.999820
1666059854.250314 1.389676 0.643610 -21.161531 0.013003 0.008783 0.008985 0.999837
1666059854.350314 1.383422 0.650925 -21.317409 0.011974 0.008899 0.007763 0.999859
1666059854.450315 1.384448 0.650346 -21.470946 0.012890 0.009774 0.008564 0.999832
1666059854.550314 1.384775 0.655753 -21.620211 0.011988 0.010207 0.008695 0.999838
1666059854.650315 1.382981 0.659507 -21.771170 0.010180 0.010925 0.009216 0.999846
1666059854.750314 1.385150 0.668402 -21.905325 0.011342 0.012181 0.009996 0.999812
1666059854.850314 1.380196 0.672590 -22.050587 0.009963 0.013899 0.008811 0.999815
1666059854.950315 1.382377 0.679978 -22.195978 0.009510 0.014918 0.008387 0.999808
1666059855.050314 1.383868 0.683061 -22.350447 0.011293 0.014908 0.009925 0.999776
1666059855.150315 1.386463 0.689035 -22.497071 0.014870 0.016658 0.011664 0.999683
1666059855.250314 1.382999 0.694557 -22.634410 0.013318 0.016797 0.011016 0.999710
1666059855.350314 1.375571 0.705739 -22.770334 0.008987 0.019322 0.009177 0.999731
1666059855.450315 1.374426 0.708734 -22.903979 0.005396 0.022018 0.009946 0.999694
1666059855.550314 1.376015 0.704374 -23.062614 0.012128 0.024363 0.011485 0.999564
1666059855.650315 1.367527 0.713313 -23.222906 0.013083 0.025779 0.010480 0.999527
1666059855.750314 1.358092 0.726529 -23.382626 0.014060 0.025946 0.008714 0.999526
1666059855.850314 1.351567 0.740250 -23.536112 0.017386 0.028147 0.009505 0.999407
1666059855.950315 1.343849 0.746548 -23.680059 0.013095 0.029199 0.009804 0.999440
1666059856.050314 1.340203 0.752615 -23.819863 0.010340 0.030664 0.009516 0.999431
1666059856.150315 1.334557 0.754614 -23.954370 0.010015 0.031968 0.009555 0.999393
1666059856.250314 1.328673 0.757918 -24.098908 0.011186 0.032766 0.011573 0.999333
1666059856.350314 1.324483 0.758934 -24.241245 0.010854 0.036881 0.012981 0.999176
1666059856.450315 1.303688 0.757046 -24.405547 0.010788 0.037953 0.011225 0.999158
1666059856.550314 1.291700 0.763676 -24.561673 0.011857 0.038881 0.011662 0.999105
1666059856.650315 1.285711 0.768604 -24.716055 0.012423 0.039378 0.012357 0.999071
1666059856.750314 1.272112 0.771464 -24.872646 0.013793 0.039368 0.010734 0.999072
1666059856.850314 1.261223 0.777537 -25.025795 0.012834 0.039769 0.010952 0.999066
1666059856.950315 1.249189 0.780489 -25.179429 0.011935 0.042022 0.010682 0.998988
1666059857.050314 1.241563 0.783188 -25.325945 0.013221 0.042769 0.010483 0.998943
1666059857.150315 1.232619 0.787539 -25.470041 0.013801 0.043331 0.010562 0.998910
1666059857.250314 1.224469 0.792652 -25.611377 0.013276 0.045254 0.010203 0.998835
1666059857.350314 1.210681 0.799894 -25.755614 0.015130 0.044667 0.009406 0.998843
1666059857.450315 1.195727 0.806682 -25.892008 0.012672 0.045672 0.008412 0.998841
1666059857.550314 1.181349 0.813945 -26.034839 0.014174 0.048964 0.008509 0.998664
1666059857.650315 1.172323 0.820379 -26.170478 0.010818 0.049682 0.008516 0.998670
1666059857.750314 1.152484 0.821439 -26.319910 0.009517 0.050571 0.008821 0.998636
1666059857.850314 1.136955 0.819880 -26.463026 0.012651 0.052656 0.007861 0.998502
1666059857.950315 1.121516 0.824721 -26.600955 0.010111 0.053028 0.007878 0.998511
1666059858.050314 1.107107 0.823525 -26.747306 0.010466 0.054892 0.007485 0.998409
1666059858.150315 1.086152 0.822878 -26.896001 0.011705 0.055976 0.005456 0.998349
1666059858.250314 1.072297 0.826569 -27.042211 0.010870 0.055938 0.004802 0.998364
1666059858.350314 1.062260 0.836433 -27.188559 0.009164 0.057583 0.005800 0.998282
1666059858.450315 1.052616 0.839727 -27.337336 0.009278 0.057025 0.008162 0.998296
1666059858.550314 1.032544 0.842162 -27.491924 0.009771 0.059603 0.007571 0.998146
1666059858.650315 1.013113 0.844245 -27.634618 0.009807 0.060548 0.006379 0.998097
1666059858.750299 0.992425 0.844772 -27.782745 0.009769 0.063886 0.006022 0.997891
1666059858.850287 0.976755 0.850679 -27.916003 0.010569 0.067569 0.007464 0.997631
1666059858.950279 0.964048 0.853530 -28.046575 0.012521 0.071736 0.008988 0.997305
1666059859.050272 0.941398 0.854272 -28.181909 0.015531 0.078508 0.008772 0.996754
1666059859.150267 0.923576 0.859871 -28.305230 0.011557 0.081383 0.009144 0.996574
1666059859.250262 0.905037 0.868135 -28.440176 0.014078 0.083645 0.009079 0.996355
1666059859.350260 0.886107 0.866950 -28.588919 0.018019 0.084462 0.010040 0.996213
1666059859.450259 0.860784 0.872682 -28.736579 0.019301 0.086740 0.008925 0.996004
1666059859.550258 0.830913 0.877710 -28.894602 0.025867 0.086025 0.007532 0.995929
1666059859.650259 0.811631 0.887362 -29.032519 0.022139 0.087580 0.010185 0.995859
1666059859.750259 0.793990 0.896079 -29.164708 0.023824 0.089568 0.011427 0.995630
1666059859.850259 0.767742 0.913256 -29.273356 0.011517 0.090477 0.008649 0.995794
1666059859.950258 0.745641 0.920192 -29.382608 0.006823 0.092343 0.008062 0.995671
1666059860.050258 0.733459 0.908580 -29.519596 0.006726 0.095448 0.013160 0.995325
1666059860.150259 0.711744 0.908988 -29.664202 0.006822 0.096702 0.015193 0.995174
1666059860.250261 0.679881 0.906972 -29.804518 0.008903 0.096670 0.011497 0.995210
1666059860.350263 0.649096 0.914857 -29.956308 0.017866 0.098637 0.009897 0.994914
1666059860.450268 0.623419 0.924322 -30.095003 0.022449 0.098963 0.010180 0.994786
1666059860.550273 0.605822 0.924976 -30.213545 0.018538 0.103007 0.011262 0.994444
1666059860.650280 0.589896 0.933678 -30.325914 0.020806 0.105665 0.011946 0.994112
1666059860.750281 0.568144 0.933153 -30.429890 0.018966 0.112221 0.012759 0.993420
1666059860.850281 0.543528 0.935989 -30.529252 0.015367 0.122200 0.011318 0.992322
1666059860.950281 0.523647 0.936245 -30.642619 0.014579 0.129658 0.013554 0.991359
1666059861.050281 0.497700 0.937719 -30.756947 0.015326 0.143337 0.013805 0.989459
1666059861.150281 0.460874 0.935764 -30.878948 0.016376 0.157349 0.011739 0.987338
1666059861.250281 0.426484 0.939991 -30.993620 0.017334 0.169254 0.014579 0.985312
1666059861.350281 0.389382 0.943502 -31.098152 0.017876 0.184981 0.013469 0.982487
1666059861.450281 0.343557 0.941221 -31.201903 0.018265 0.190584 0.012596 0.981420
1666059861.550281 0.315303 0.942932 -31.291303 0.019733 0.199828 0.013747 0.979536
1666059861.650281 0.285169 0.944134 -31.356876 0.018722 0.211122 0.013705 0.977184
1666059861.750281 0.261284 0.945230 -31.411526 0.016891 0.218710 0.013883 0.975545
1666059861.850281 0.237732 0.948764 -31.470993 0.014248 0.224128 0.015479 0.974333
1666059861.950281 0.216030 0.943137 -31.544417 0.010332 0.232380 0.017227 0.972418
1666059862.050281 0.185070 0.940999 -31.623186 0.011026 0.239466 0.019182 0.970653
1666059862.150281 0.142501 0.938397 -31.700807 0.011901 0.250400 0.019922 0.967864
1666059862.250281 0.108845 0.937602 -31.766814 0.011591 0.266737 0.019541 0.963502
1666059862.350281 0.077793 0.933980 -31.825420 0.011402 0.277554 0.019868 0.960437
1666059862.450281 0.040390 0.928813 -31.870648 0.010353 0.289734 0.019616 0.956850
1666059862.550281 0.024207 0.931106 -31.932773 0.009177 0.298702 0.019686 0.954099
1666059862.650281 0.007231 0.927051 -31.991753 0.006486 0.310469 0.020191 0.950347
1666059862.750281 -0.023844 0.916722 -32.046711 0.004971 0.323575 0.021020 0.945956
1666059862.850281 -0.054163 0.915602 -32.101285 0.003817 0.334651 0.022622 0.942063
1666059862.950281 -0.088144 0.914597 -32.167101 0.003471 0.346479 0.022784 0.937775
1666059863.050281 -0.136019 0.908128 -32.236682 0.004167 0.358291 0.023652 0.933301
1666059863.150281 -0.195379 0.905306 -32.312560 0.003934 0.373629 0.023269 0.927278
1666059863.250274 -0.260262 0.899700 -32.372952 0.002632 0.389801 0.020361 0.920670
1666059863.350260 -0.325189 0.896732 -32.431862 -0.001256 0.403480 0.017535 0.914819
1666059863.450248 -0.387240 0.893127 -32.503336 -0.001180 0.419591 0.019787 0.907497
1666059863.550236 -0.437240 0.891930 -32.547396 -0.002198 0.440445 0.018308 0.897590
1666059863.650226 -0.487995 0.893781 -32.583216 -0.002876 0.458133 0.018587 0.888684
1666059863.750215 -0.525450 0.892503 -32.613352 -0.003864 0.473065 0.017977 0.880835
1666059863.850205 -0.559593 0.891384 -32.643005 -0.005145 0.487417 0.017905 0.872971
1666059863.950196 -0.591412 0.889231 -32.675760 -0.005772 0.503492 0.018516 0.863782
1666059864.050188 -0.645670 0.884891 -32.706082 -0.007431 0.517963 0.018291 0.855175
1666059864.150180 -0.699793 0.879144 -32.739096 -0.009232 0.530103 0.017148 0.847710
1666059864.250173 -0.770300 0.871414 -32.771843 -0.013087 0.545094 0.017441 0.838091
1666059864.350166 -0.843689 0.869574 -32.808109 -0.014012 0.555039 0.017146 0.831530
1666059864.450161 -0.920584 0.866122 -32.840388 -0.016527 0.568996 0.018038 0.821977
1666059864.550155 -1.007006 0.858253 -32.878071 -0.018800 0.581801 0.020543 0.812854
1666059864.650151 -1.097235 0.852322 -32.913058 -0.020403 0.596985 0.018895 0.801770
1666059864.750146 -1.201676 0.840663 -32.938914 -0.024742 0.617913 0.019207 0.785622
1666059864.850141 -1.302435 0.834044 -32.943331 -0.033032 0.632458 0.017037 0.773702
1666059864.950137 -1.401178 0.825675 -32.962939 -0.036275 0.642889 0.018954 0.764865
1666059865.050133 -1.505622 0.811699 -32.982909 -0.036326 0.658125 0.015502 0.751872
1666059865.150131 -1.602760 0.804394 -32.991865 -0.038609 0.675957 0.013487 0.735805
1666059865.250129 -1.704772 0.793166 -33.007965 -0.036493 0.688912 0.015356 0.723763
1666059865.350129 -1.803622 0.784329 -33.017054 -0.036689 0.702024 0.013717 0.711075
1666059865.450130 -1.893535 0.779910 -33.030569 -0.035835 0.714166 0.014448 0.698909
1666059865.550129 -1.994155 0.769170 -33.038265 -0.034317 0.727259 0.012574 0.685389
1666059865.650130 -2.088165 0.764325 -33.038039 -0.036089 0.741780 0.010016 0.669597
1666059865.750129 -2.191001 0.757200 -33.022089 -0.038915 0.752947 0.008362 0.656877
1666059865.850129 -2.311123 0.742547 -33.005233 -0.039936 0.757940 0.009457 0.651032
1666059865.950130 -2.429437 0.729253 -32.992627 -0.038872 0.760837 0.010794 0.647688
1666059866.050129 -2.555416 0.718408 -32.975231 -0.037517 0.762213 0.011601 0.646134
1666059866.150130 -2.685863 0.707830 -32.953652 -0.039122 0.763695 0.011902 0.644280
1666059866.250129 -2.821613 0.697532 -32.924471 -0.040597 0.764357 0.007705 0.643468
1666059866.350129 -2.955127 0.687177 -32.887113 -0.042110 0.764009 0.000654 0.643830
1666059866.450130 -3.086481 0.676585 -32.860080 -0.041661 0.764176 0.000864 0.643660
1666059866.550129 -3.225907 0.664413 -32.848649 -0.038911 0.759976 0.006938 0.648748
1666059866.650130 -3.373544 0.652175 -32.829464 -0.034982 0.759715 0.004040 0.649302
1666059866.750129 -3.524802 0.645126 -32.791685 -0.036938 0.758973 -0.002765 0.650067
1666059866.850129 -3.679834 0.637315 -32.762283 -0.037696 0.759520 -0.005019 0.649371
1666059866.950130 -3.830953 0.626799 -32.749239 -0.034437 0.759728 -0.004492 0.649313
1666059867.050129 -3.978485 0.620703 -32.733773 -0.030519 0.759723 -0.003884 0.649519
1666059867.150130 -4.110114 0.615969 -32.707977 -0.032258 0.759245 -0.005698 0.649980
1666059867.250129 -4.246165 0.609271 -32.683574 -0.034234 0.758545 -0.006520 0.650689
1666059867.350129 -4.386948 0.598507 -32.662484 -0.034664 0.757670 -0.004446 0.651702
1666059867.450130 -4.529337 0.594433 -32.643236 -0.033248 0.757189 -0.004769 0.652332
1666059867.550129 -4.680766 0.583270 -32.628784 -0.031896 0.756663 -0.003231 0.653018
1666059867.650130 -4.839198 0.573585 -32.601783 -0.032001 0.755450 -0.004119 0.654411
1666059867.750129 -4.990093 0.569548 -32.576429 -0.033877 0.755824 -0.005716 0.653873
1666059867.850129 -5.145455 0.560999 -32.558274 -0.031403 0.754480 -0.004352 0.655557
1666059867.950130 -5.302586 0.559115 -32.542007 -0.030501 0.753442 -0.002701 0.656801
1666059868.050129 -5.469502 0.546093 -32.516970 -0.029422 0.752039 -0.003855 0.658450
1666059868.150130 -5.621423 0.544407 -32.492566 -0.031857 0.751510 -0.005216 0.658932
1666059868.250129 -5.770504 0.538151 -32.473301 -0.032745 0.750315 -0.003775 0.660258
1666059868.350129 -5.911373 0.530365 -32.464117 -0.032211 0.749265 0.003152 0.661479
1666059868.450130 -6.057907 0.515105 -32.450752 -0.030085 0.748397 0.004035 0.662556
1666059868.550129 -6.191465 0.509695 -32.429213 -0.034241 0.747455 0.004429 0.663414
1666059868.650130 -6.339577 0.496840 -32.411800 -0.034226 0.745365 0.004117 0.665765
1666059868.750129 -6.481767 0.487422 -32.397069 -0.036147 0.744533 0.007844 0.666561
1666059868.850129 -6.637345 0.476195 -32.385278 -0.030319 0.740696 0.005054 0.671136
1666059868.950130 -6.789225 0.467300 -32.365202 -0.032697 0.739510 0.003015 0.672344
1666059869.050129 -6.945863 0.451464 -32.349785 -0.031991 0.736345 0.003141 0.675842
1666059869.150130 -7.093414 0.443586 -32.340303 -0.029560 0.737681 0.003299 0.674494
1666059869.250129 -7.238592 0.436169 -32.329047 -0.028725 0.736211 0.001193 0.676141
1666059869.350129 -7.365546 0.434365 -32.308428 -0.033692 0.735202 0.002634 0.677006
1666059869.450130 -7.513762 0.422772 -32.291119 -0.033668 0.734492 -0.000306 0.677782
1666059869.550129 -7.662910 0.411090 -32.278102 -0.034874 0.732197 0.002094 0.680197
1666059869.650130 -7.826302 0.402142 -32.266871 -0.032882 0.733205 0.000050 0.679213
1666059869.750129 -7.991448 0.393378 -32.251630 -0.031639 0.730741 -0.002446 0.681917
1666059869.850129 -8.146604 0.386998 -32.241582 -0.030434 0.728598 -0.003059 0.684259
1666059869.950130 -8.296889 0.379609 -32.235360 -0.029414 0.728297 -0.004170 0.684617
1666059870.050129 -8.443337 0.371260 -32.224320 -0.030460 0.728144 -0.004209 0.684734
1666059870.150130 -8.596651 0.363007 -32.214974 -0.028155 0.726554 -0.006724 0.686499
1666059870.250129 -8.746396 0.361180 -32.203938 -0.028448 0.727319 -0.006880 0.685676
1666059870.350129 -8.891175 0.356498 -32.195441 -0.027482 0.726709 -0.007716 0.686352
1666059870.450130 -9.043006 0.354062 -32.185810 -0.027461 0.726145 -0.006960 0.686958
1666059870.550129 -9.196566 0.345370 -32.176589 -0.027721 0.725581 -0.005995 0.687553
1666059870.650130 -9.348118 0.337961 -32.167137 -0.028549 0.725095 -0.005578 0.688034
1666059870.750129 -9.511187 0.326949 -32.153863 -0.028295 0.724545 -0.007592 0.688604
1666059870.850129 -9.662122 0.323486 -32.144757 -0.026811 0.723788 -0.008579 0.689448
1666059870.950130 -9.834655 0.311777 -32.137776 -0.025349 0.723469 -0.009109 0.689831
1666059871.050129 -9.999709 0.308517 -32.127077 -0.025179 0.724132 -0.010802 0.689116
1666059871.150130 -10.166066 0.304470 -32.119336 -0.025250 0.723689 -0.011540 0.689568
1666059871.250129 -10.328196 0.295759 -32.110546 -0.025564 0.724205 -0.010718 0.689028
1666059871.350129 -10.480252 0.290678 -32.101253 -0.026181 0.724882 -0.009889 0.688304
1666059871.450130 -10.636574 0.282525 -32.093850 -0.026729 0.724408 -0.009306 0.688790
1666059871.550129 -10.779241 0.269977 -32.082039 -0.026541 0.724832 -0.009401 0.688350
1666059871.650130 -10.925980 0.261567 -32.071442 -0.025899 0.725306 -0.009247 0.687877
1666059871.750129 -11.069175 0.250027 -32.059529 -0.027103 0.725356 -0.009193 0.687779
1666059871.850129 -11.218401 0.236098 -32.044502 -0.027808 0.724957 -0.009485 0.688167
1666059871.950130 -11.359906 0.227599 -32.034767 -0.029163 0.724112 -0.009045 0.689006
1666059872.050129 -11.497462 0.221862 -32.023462 -0.029363 0.724004 -0.007730 0.689127
1666059872.150130 -11.654471 0.214401 -32.013577 -0.029808 0.724424 -0.006759 0.688677
1666059872.250129 -11.812221 0.207330 -32.003944 -0.028833 0.723758 -0.008751 0.689395
1666059872.350129 -11.973763 0.200116 -31.995104 -0.027564 0.724322 -0.009968 0.688838
1666059872.450130 -12.128308 0.195330 -31.980917 -0.027996 0.724439 -0.011689 0.688671
1666059872.550129 -12.287067 0.189324 -31.972080 -0.028350 0.724608 -0.012218 0.688469
1666059872.650130 -12.436316 0.183944 -31.961828 -0.029484 0.723792 -0.010413 0.689309
1666059872.750129 -12.585811 0.179311 -31.959526 -0.030849 0.722857 -0.006163 0.690282
1666059872.850129 -12.748783 0.174421 -31.947153 -0.032592 0.723789 -0.006466 0.689221
1666059872.950125 -12.908615 0.167578 -31.934022 -0.032720 0.721648 -0.007424 0.691446
1666059873.050119 -13.056556 0.161714 -31.928408 -0.033781 0.721995 -0.006968 0.691038
1666059873.150115 -13.198421 0.154590 -31.917789 -0.036299 0.720368 -0.002871 0.692635
1666059873.250110 -13.340209 0.150948 -31.916744 -0.037155 0.719165 -0.001300 0.693844
1666059873.350106 -13.506647 0.132928 -31.905344 -0.033722 0.717726 -0.006940 0.695474
1666059873.450104 -13.663039 0.125071 -31.899945 -0.036506 0.718550 -0.002531 0.694511
1666059873.550102 -13.825938 0.116385 -31.895441 -0.034904 0.717612 -0.002531 0.695563
1666059873.650100 -13.999365 0.110179 -31.885178 -0.030348 0.716325 -0.008537 0.697054
1666059873.750098 -14.150436 0.102094 -31.882626 -0.034406 0.717107 -0.002538 0.696109
1666059873.850097 -14.314807 0.094134 -31.878367 -0.031334 0.715942 -0.004112 0.697444
1666059873.950096 -14.464665 0.089863 -31.874995 -0.030262 0.716393 -0.007213 0.697003
1666059874.050094 -14.617291 0.085929 -31.864640 -0.029267 0.715464 -0.008447 0.697985
1666059874.150094 -14.773192 0.080033 -31.863793 -0.029311 0.716446 -0.007168 0.696990
1666059874.250092 -14.922296 0.075980 -31.854589 -0.029972 0.715999 -0.006584 0.697427
1666059874.350090 -15.073834 0.074439 -31.845618 -0.030220 0.715589 -0.008382 0.697817
1666059874.450088 -15.226453 0.068308 -31.844173 -0.032953 0.716445 -0.005614 0.696842
1666059874.550086 -15.391783 0.060006 -31.843027 -0.030762 0.715580 -0.005886 0.697828
1666059874.650084 -15.555508 0.050434 -31.832735 -0.032743 0.716560 -0.004594 0.696742
1666059874.750082 -15.715341 0.044868 -31.822892 -0.034652 0.716495 -0.005960 0.696705
1666059874.850081 -15.872294 0.039791 -31.818563 -0.036219 0.716705 -0.004158 0.696423
1666059874.950081 -16.027802 0.033722 -31.817243 -0.035986 0.716802 -0.002871 0.696341
1666059875.050081 -16.185805 0.025763 -31.812920 -0.036452 0.716628 -0.002812 0.696497
1666059875.150081 -16.344946 0.015943 -31.806480 -0.036416 0.716837 -0.003438 0.696281
1666059875.250081 -16.507431 0.003340 -31.806071 -0.035660 0.716193 -0.003644 0.696981
1666059875.350080 -16.672682 -0.004698 -31.804540 -0.035225 0.716914 -0.003929 0.696260
1666059875.450081 -16.833631 -0.017350 -31.799195 -0.036335 0.716759 -0.003227 0.696366
1666059875.550081 -16.987203 -0.027348 -31.798076 -0.037263 0.717121 -0.001895 0.695950
1666059875.650081 -17.145520 -0.041168 -31.794710 -0.038109 0.716687 -0.002056 0.696350
1666059875.750081 -17.294521 -0.046885 -31.792705 -0.037403 0.716743 -0.002583 0.696329
1666059875.850080 -17.443879 -0.056425 -31.792900 -0.036652 0.717287 -0.001124 0.695813
1666059875.950081 -17.588749 -0.062132 -31.790481 -0.035831 0.717488 -0.002102 0.695646
1666059876.050081 -17.740290 -0.069641 -31.782432 -0.038741 0.718404 -0.001055 0.694546
1666059876.150081 -17.894941 -0.081522 -31.775907 -0.039910 0.719770 -0.000291 0.693064
1666059876.250081 -18.047930 -0.088118 -31.780037 -0.040016 0.720887 0.001880 0.691894
1666059876.350080 -18.202397 -0.100108 -31.777918 -0.039654 0.722118 0.001600 0.690630
1666059876.450081 -18.361201 -0.115612 -31.771052 -0.039785 0.723263 0.000036 0.689425
1666059876.550081 -18.515944 -0.125604 -31.764901 -0.036260 0.727505 -0.002154 0.685140
1666059876.650081 -18.637714 -0.133263 -31.765625 -0.034283 0.732648 -0.001736 0.679741
1666059876.750081 -18.747637 -0.136207 -31.757895 -0.035590 0.738186 -0.000949 0.673657
1666059876.850080 -18.854748 -0.139887 -31.753906 -0.036882 0.743343 -0.002403 0.667888
1666059876.950081 -18.964206 -0.145008 -31.750586 -0.037792 0.750474 -0.002061 0.659816
1666059877.050081 -19.093706 -0.151970 -31.736622 -0.038794 0.756303 -0.000239 0.653071
1666059877.150081 -19.225321 -0.160303 -31.727239 -0.035535 0.763330 0.001378 0.645029
1666059877.250081 -19.355662 -0.169524 -31.704483 -0.037067 0.770149 -0.001444 0.636784
1666059877.350080 -19.496232 -0.171112 -31.681267 -0.035492 0.777133 -0.002767 0.628328
1666059877.450081 -19.620765 -0.172213 -31.654790 -0.035851 0.785738 -0.004940 0.617500
1666059877.550081 -19.757990 -0.176332 -31.617352 -0.037020 0.793182 -0.006671 0.607821
1666059877.650081 -19.907108 -0.185982 -31.583212 -0.036251 0.800546 -0.008560 0.598112
1666059877.750081 -20.038918 -0.189971 -31.553796 -0.035040 0.805203 -0.003731 0.591951
1666059877.850080 -20.170211 -0.195044 -31.514620 -0.035695 0.809044 -0.003158 0.586655
1666059877.950081 -20.309979 -0.204950 -31.468107 -0.035777 0.812197 -0.005033 0.582263
1666059878.050081 -20.459318 -0.209353 -31.410173 -0.036186 0.813069 -0.008659 0.580977
1666059878.150081 -20.618115 -0.220467 -31.363484 -0.032800 0.815800 -0.007808 0.577351
1666059878.250081 -20.784091 -0.225355 -31.307762 -0.027261 0.816245 -0.011384 0.576951
1666059878.350080 -20.924926 -0.223052 -31.242397 -0.033822 0.817126 -0.013894 0.575299
1666059878.450081 -21.068394 -0.225110 -31.182541 -0.038469 0.816917 -0.012090 0.575344
1666059878.550081 -21.228023 -0.239747 -31.146612 -0.030781 0.819064 -0.011646 0.572758
1666059878.650081 -21.377669 -0.245172 -31.088009 -0.031810 0.820052 -0.009429 0.571327
1666059878.750081 -21.528643 -0.245379 -31.022676 -0.034012 0.820491 -0.013800 0.570480
1666059878.850080 -21.683560 -0.244534 -30.963473 -0.034132 0.821941 -0.016497 0.568310
1666059878.950081 -21.829734 -0.248468 -30.912729 -0.035784 0.822671 -0.012433 0.567255
1666059879.050081 -21.981682 -0.248479 -30.857006 -0.034952 0.822631 -0.015357 0.567292
1666059879.150081 -22.125595 -0.245774 -30.800000 -0.036223 0.824622 -0.015434 0.564312
1666059879.250081 -22.276531 -0.253634 -30.753059 -0.031751 0.828676 -0.016065 0.558596
1666059879.350080 -22.417906 -0.259555 -30.696245 -0.030387 0.833359 -0.018190 0.551596
1666059879.450081 -22.540402 -0.256591 -30.643430 -0.032437 0.837726 -0.017273 0.544853
1666059879.550081 -22.654570 -0.255957 -30.594555 -0.033385 0.841951 -0.016285 0.538274
1666059879.650081 -22.773701 -0.253640 -30.543569 -0.031765 0.844682 -0.015914 0.534088
1666059879.750081 -22.896008 -0.255627 -30.487851 -0.032078 0.848326 -0.016091 0.528256
1666059879.850080 -23.022490 -0.255811 -30.429467 -0.030597 0.853821 -0.018444 0.519340
1666059879.950081 -23.143860 -0.260171 -30.365789 -0.032560 0.857695 -0.017736 0.512820
1666059880.050081 -23.259185 -0.263601 -30.307520 -0.032002 0.859938 -0.016708 0.509121
1666059880.150081 -23.374851 -0.266082 -30.254636 -0.032937 0.862846 -0.013904 0.504200
1666059880.250081 -23.493187 -0.268564 -30.196351 -0.031629 0.867214 -0.014869 0.496707
1666059880.350080 -23.621899 -0.274049 -30.124861 -0.031473 0.870746 -0.013629 0.490536
1666059880.450081 -23.742131 -0.275164 -30.049423 -0.031606 0.874786 -0.014747 0.483252
1666059880.550081 -23.872327 -0.279100 -29.961117 -0.034015 0.878046 -0.015442 0.477116
1666059880.650081 -24.002306 -0.277738 -29.879798 -0.032516 0.881288 -0.016436 0.471174
1666059880.750081 -24.133996 -0.279779 -29.801968 -0.031251 0.883334 -0.013278 0.467512
1666059880.850080 -24.269314 -0.282936 -29.712106 -0.029616 0.886480 -0.015189 0.461568
1666059880.950081 -24.390135 -0.285407 -29.624244 -0.032128 0.888479 -0.016938 0.457478
1666059881.050081 -24.513677 -0.285589 -29.532457 -0.031801 0.891134 -0.017427 0.452289
1666059881.150081 -24.646184 -0.290093 -29.442473 -0.029069 0.892624 -0.017570 0.449520
1666059881.250081 -24.768106 -0.288119 -29.351857 -0.029621 0.893338 -0.017525 0.448066
1666059881.350080 -24.886105 -0.290077 -29.256318 -0.033389 0.894575 -0.017021 0.445343
1666059881.450081 -25.011024 -0.291081 -29.159458 -0.033929 0.895868 -0.013975 0.442802
1666059881.550081 -25.139514 -0.297132 -29.063706 -0.032163 0.898823 -0.014156 0.436902
1666059881.650081 -25.264218 -0.301208 -28.958235 -0.032989 0.902311 -0.016669 0.429497
1666059881.750081 -25.373356 -0.297462 -28.866959 -0.031591 0.909414 -0.018030 0.414298
1666059881.850084 -25.469032 -0.292557 -28.783533 -0.031602 0.916145 -0.017833 0.399201
1666059881.950089 -25.563939 -0.293305 -28.688148 -0.030195 0.918802 -0.018979 0.393104
1666059882.050094 -25.667887 -0.294793 -28.601758 -0.025932 0.920310 -0.017367 0.389944
1666059882.150098 -25.754449 -0.292376 -28.504703 -0.031113 0.922723 -0.013234 0.383977
1666059882.250101 -25.858967 -0.297850 -28.406033 -0.029030 0.924086 -0.014196 0.380815
1666059882.350103 -25.972729 -0.298482 -28.296674 -0.026609 0.925094 -0.016903 0.378427
1666059882.450105 -26.081112 -0.294003 -28.180952 -0.027255 0.924910 -0.019961 0.378683
1666059882.550107 -26.196428 -0.293870 -28.068336 -0.024572 0.925443 -0.020551 0.377531
1666059882.650109 -26.302584 -0.291480 -27.954132 -0.022809 0.925946 -0.022182 0.376313
1666059882.750110 -26.402515 -0.292655 -27.839834 -0.026554 0.925961 -0.021432 0.376074
1666059882.850111 -26.501867 -0.288987 -27.727131 -0.029249 0.925916 -0.022821 0.375903
1666059882.950113 -26.607890 -0.288306 -27.623290 -0.028927 0.925755 -0.020399 0.376463
1666059883.050113 -26.711932 -0.286839 -27.524383 -0.027591 0.925516 -0.017650 0.377289
1666059883.150115 -26.817383 -0.287809 -27.410994 -0.028043 0.925497 -0.017177 0.377325
1666059883.250116 -26.916410 -0.287756 -27.297256 -0.032961 0.925474 -0.015228 0.377068
1666059883.350116 -27.027892 -0.284785 -27.178516 -0.032458 0.925074 -0.017769 0.377981
1666059883.450118 -27.145722 -0.288413 -27.065674 -0.029182 0.925559 -0.018302 0.377034
1666059883.550118 -27.258845 -0.289299 -26.952717 -0.027949 0.925827 -0.019494 0.376408
1666059883.650119 -27.364296 -0.286553 -26.837547 -0.030334 0.925809 -0.018826 0.376303
1666059883.750119 -27.470806 -0.290349 -26.722585 -0.030953 0.925737 -0.019358 0.376402
1666059883.850120 -27.580071 -0.289614 -26.612368 -0.030521 0.925757 -0.018797 0.376417
1666059883.950120 -27.693171 -0.286538 -26.495163 -0.030210 0.925709 -0.019131 0.376543
1666059884.050120 -27.801013 -0.284631 -26.383161 -0.029981 0.925943 -0.020790 0.375897
1666059884.150120 -27.914894 -0.286306 -26.257579 -0.031482 0.925859 -0.020392 0.376002
1666059884.250120 -28.032370 -0.285327 -26.136324 -0.031742 0.925953 -0.020119 0.375763
1666059884.350120 -28.147681 -0.283946 -26.020513 -0.031350 0.926314 -0.019760 0.374926
1666059884.450120 -28.257860 -0.282585 -25.899400 -0.032534 0.926615 -0.019158 0.374112
1666059884.550120 -28.365820 -0.284081 -25.777483 -0.034118 0.926894 -0.018800 0.373295
1666059884.650120 -28.473687 -0.281896 -25.664467 -0.034766 0.926804 -0.017697 0.373513
1666059884.750120 -28.591113 -0.285241 -25.547496 -0.031770 0.926917 -0.018264 0.373474
1666059884.850120 -28.701270 -0.286062 -25.427371 -0.032356 0.927144 -0.018189 0.372863
1666059884.950120 -28.806437 -0.285062 -25.306479 -0.034165 0.927202 -0.020671 0.372426
1666059885.050120 -28.921922 -0.283153 -25.190694 -0.033516 0.927189 -0.020423 0.372533
1666059885.150120 -29.038997 -0.283222 -25.081403 -0.030823 0.927527 -0.018938 0.372002
1666059885.250120 -29.149026 -0.281875 -24.969223 -0.031100 0.927643 -0.018216 0.371724
1666059885.350120 -29.251125 -0.280126 -24.847441 -0.033591 0.927903 -0.018674 0.370836
1666059885.450120 -29.356518 -0.276313 -24.731134 -0.034200 0.927860 -0.019527 0.370843
1666059885.550120 -29.456096 -0.271378 -24.631936 -0.034166 0.927934 -0.015666 0.370846
1666059885.650120 -29.560051 -0.269206 -24.524359 -0.032802 0.928341 -0.015873 0.369938
1666059885.750120 -29.660919 -0.267007 -24.412726 -0.034294 0.928436 -0.016480 0.369538
1666059885.850120 -29.769161 -0.273549 -24.294037 -0.034989 0.929212 -0.018292 0.367432
1666059885.950120 -29.871823 -0.271434 -24.186129 -0.035018 0.930095 -0.018431 0.365182
1666059886.050120 -29.982037 -0.272185 -24.075971 -0.033331 0.930572 -0.015398 0.364263
1666059886.150120 -30.098097 -0.271762 -23.957815 -0.031261 0.934066 -0.019483 0.355196
1666059886.250120 -30.196260 -0.280658 -23.835611 -0.033475 0.939047 -0.020442 0.341545
1666059886.350120 -30.292371 -0.282588 -23.722638 -0.034185 0.941457 -0.021614 0.334698
1666059886.450120 -30.385139 -0.276150 -23.620232 -0.031999 0.944169 -0.019322 0.327334
1666059886.550120 -30.472473 -0.272027 -23.508495 -0.032626 0.945931 -0.016801 0.322286
1666059886.650129 -30.561179 -0.271611 -23.393456 -0.034214 0.948353 -0.015325 0.314994
1666059886.750136 -30.651112 -0.275367 -23.269501 -0.034248 0.948863 -0.013416 0.313538
1666059886.850142 -30.753291 -0.275635 -23.141743 -0.033238 0.949197 -0.016009 0.312513
1666059886.950148 -30.851034 -0.275200 -23.008721 -0.033245 0.949768 -0.019623 0.310563
1666059887.050152 -30.943192 -0.274680 -22.870540 -0.034514 0.950791 -0.020997 0.307189
1666059887.150156 -31.040534 -0.273504 -22.742596 -0.032946 0.951391 -0.020180 0.305553
1666059887.250158 -31.132218 -0.270813 -22.619034 -0.032322 0.951786 -0.017631 0.304546
1666059887.350158 -31.220591 -0.274058 -22.489676 -0.034151 0.952376 -0.017769 0.302485
1666059887.450158 -31.309346 -0.276577 -22.364280 -0.033875 0.952887 -0.017260 0.300935
1666059887.550158 -31.405971 -0.277920 -22.234901 -0.032526 0.953074 -0.017538 0.300473
1666059887.650156 -31.498765 -0.276709 -22.102387 -0.032825 0.953442 -0.019560 0.299146
1666059887.750156 -31.583636 -0.276101 -21.966328 -0.034716 0.953999 -0.019343 0.297166
1666059887.850155 -31.673962 -0.272569 -21.839081 -0.034537 0.954121 -0.018455 0.296850
1666059887.950155 -31.766695 -0.271223 -21.719410 -0.033130 0.954494 -0.017137 0.295888
1666059888.050154 -31.851717 -0.271439 -21.587195 -0.034798 0.954968 -0.016523 0.294198
1666059888.150156 -31.932939 -0.271852 -21.454729 -0.036759 0.955405 -0.015969 0.292565
1666059888.250157 -32.022821 -0.273918 -21.320904 -0.036480 0.956123 -0.016447 0.290221
1666059888.350158 -32.113698 -0.277193 -21.181210 -0.035757 0.957265 -0.017605 0.286452
1666059888.450160 -32.198466 -0.280824 -21.051955 -0.035791 0.959601 -0.018559 0.278460
1666059888.550163 -32.283795 -0.282345 -20.928166 -0.032765 0.962185 -0.017901 0.269826
1666059888.650164 -32.363386 -0.282642 -20.799749 -0.032812 0.964418 -0.016450 0.261823
1666059888.750164 -32.438577 -0.282148 -20.665475 -0.033732 0.966545 -0.016306 0.253745
1666059888.850163 -32.511164 -0.280021 -20.533377 -0.035609 0.968607 -0.014941 0.245578
1666059888.950164 -32.585662 -0.279532 -20.399395 -0.034876 0.969629 -0.014394 0.241654
1666059889.050166 -32.660667 -0.280701 -20.262120 -0.033524 0.971107 -0.015618 0.235761
1666059889.150177 -32.728317 -0.281276 -20.118865 -0.035180 0.972168 -0.016139 0.231066
1666059889.250189 -32.800422 -0.279755 -19.982824 -0.033760 0.972704 -0.015714 0.229044
1666059889.350199 -32.873422 -0.281935 -19.843599 -0.033456 0.973547 -0.016389 0.225430
1666059889.450207 -32.938001 -0.278944 -19.703741 -0.035726 0.973840 -0.016011 0.223838
1666059889.550215 -33.006046 -0.277432 -19.565875 -0.035971 0.974226 -0.014749 0.222199
1666059889.650222 -33.074952 -0.275890 -19.422355 -0.035407 0.974627 -0.012737 0.220651
1666059889.750227 -33.140382 -0.276244 -19.283906 -0.035736 0.974869 -0.013316 0.219492
1666059889.850232 -33.200324 -0.272461 -19.138395 -0.038733 0.975392 -0.013383 0.216635
1666059889.950236 -33.270219 -0.274377 -18.998000 -0.037430 0.975716 -0.013600 0.215387
1666059890.050238 -33.336535 -0.272196 -18.859242 -0.036356 0.976320 -0.012501 0.212887
1666059890.150241 -33.399107 -0.269237 -18.716619 -0.038168 0.976782 -0.013467 0.210378
1666059890.250242 -33.458096 -0.264795 -18.573722 -0.040405 0.978427 -0.016438 0.201936
1666059890.350245 -33.520782 -0.267322 -18.437966 -0.038367 0.978662 -0.014022 0.201377
1666059890.450248 -33.592975 -0.267017 -18.292587 -0.034924 0.979253 -0.016782 0.198903
1666059890.550249 -33.650552 -0.264024 -18.148391 -0.037276 0.979118 -0.018478 0.198988
1666059890.650250 -33.709004 -0.258693 -18.008297 -0.038350 0.979577 -0.022133 0.196136
1666059890.750249 -33.770618 -0.255219 -17.878510 -0.036824 0.980019 -0.019859 0.194453
1666059890.850248 -33.827042 -0.251768 -17.743231 -0.036423 0.980011 -0.019433 0.194611
1666059890.950246 -33.884436 -0.247606 -17.613779 -0.036591 0.980470 -0.020758 0.192117
1666059891.050242 -33.941290 -0.244716 -17.477444 -0.035448 0.980654 -0.021191 0.191344
1666059891.150242 -33.999269 -0.243265 -17.331876 -0.033732 0.980852 -0.020977 0.190661
1666059891.250242 -34.053081 -0.239298 -17.191629 -0.035036 0.981270 -0.020384 0.188327
1666059891.350242 -34.109934 -0.238151 -17.036462 -0.037600 0.981251 -0.020883 0.187876
1666059891.450242 -34.172330 -0.233862 -16.885603 -0.035978 0.981430 -0.023509 0.186946
1666059891.550242 -34.239903 -0.233135 -16.747620 -0.032013 0.981557 -0.022720 0.187096
1666059891.650242 -34.297844 -0.231564 -16.601069 -0.030793 0.981786 -0.022676 0.186100
1666059891.750242 -34.356553 -0.229682 -16.450097 -0.031272 0.981998 -0.022714 0.184893
1666059891.850242 -34.410882 -0.225482 -16.310206 -0.032628 0.982038 -0.021133 0.184633
1666059891.950242 -34.464017 -0.218850 -16.169352 -0.032224 0.982346 -0.021955 0.182962
1666059892.050242 -34.524813 -0.216952 -16.029108 -0.030809 0.982518 -0.022661 0.182195
1666059892.150242 -34.585482 -0.212887 -15.877865 -0.029547 0.982906 -0.021464 0.180451
1666059892.250242 -34.644478 -0.210491 -15.724524 -0.029576 0.982975 -0.022360 0.179961
1666059892.350242 -34.706766 -0.208062 -15.569110 -0.029776 0.983119 -0.023482 0.178993
1666059892.450242 -34.765587 -0.210651 -15.409974 -0.029082 0.983141 -0.023483 0.178989
1666059892.550242 -34.824556 -0.207462 -15.254081 -0.028706 0.983441 -0.024134 0.177304
1666059892.650242 -34.879142 -0.206837 -15.090718 -0.030033 0.983588 -0.025439 0.176085
1666059892.750242 -34.938290 -0.204875 -14.935882 -0.030929 0.983661 -0.025791 0.175471
1666059892.850242 -34.993721 -0.202473 -14.787164 -0.030271 0.983964 -0.025130 0.173977
1666059892.950242 -35.049351 -0.199975 -14.638951 -0.029371 0.984132 -0.024607 0.173252
1666059893.050242 -35.105798 -0.193862 -14.492219 -0.028889 0.984256 -0.025388 0.172512
1666059893.150242 -35.157489 -0.190955 -14.342949 -0.029484 0.984351 -0.025046 0.171922
1666059893.250242 -35.209833 -0.188406 -14.187476 -0.029740 0.984660 -0.024840 0.170126
1666059893.350245 -35.263155 -0.179873 -14.038027 -0.029777 0.984828 -0.025322 0.169071
1666059893.450264 -35.317142 -0.172207 -13.891094 -0.029478 0.984999 -0.026848 0.167890
1666059893.550281 -35.375222 -0.171335 -13.731901 -0.029241 0.985242 -0.026001 0.166636
1666059893.650297 -35.427433 -0.164922 -13.578889 -0.029432 0.985299 -0.023459 0.166640
1666059893.750311 -35.479345 -0.163938 -13.418860 -0.029339 0.985669 -0.022622 0.164570
1666059893.850323 -35.526344 -0.158185 -13.280381 -0.030783 0.985631 -0.021923 0.164630
1666059893.950335 -35.577750 -0.156149 -13.136396 -0.031928 0.985991 -0.023450 0.162027
1666059894.050343 -35.638140 -0.158881 -12.993035 -0.029843 0.986991 -0.023683 0.156197
1666059894.150350 -35.679443 -0.159080 -12.841805 -0.031708 0.988514 -0.024061 0.145794
1666059894.250355 -35.721951 -0.154303 -12.697770 -0.031987 0.989496 -0.022952 0.139095
1666059894.350360 -35.758291 -0.151146 -12.555769 -0.035730 0.990595 -0.022063 0.130226
1666059894.450364 -35.801714 -0.149352 -12.402313 -0.031397 0.991471 -0.025861 0.123818
1666059894.550367 -35.841909 -0.141508 -12.257915 -0.031519 0.991992 -0.024497 0.119827
1666059894.650370 -35.874090 -0.138841 -12.098608 -0.033590 0.992320 -0.023922 0.116618
1666059894.750371 -35.908708 -0.127440 -11.941817 -0.035253 0.992477 -0.025945 0.114342
1666059894.850372 -35.942590 -0.127411 -11.784017 -0.033897 0.992920 -0.022979 0.111500
1666059894.950372 -35.985812 -0.124423 -11.622781 -0.031613 0.993273 -0.025124 0.108530
1666059895.050370 -36.013138 -0.121892 -11.458654 -0.032532 0.993464 -0.025061 0.106505
1666059895.150369 -36.043248 -0.116262 -11.301100 -0.034559 0.994045 -0.025483 0.100156
1666059895.250366 -36.082474 -0.112672 -11.145479 -0.031681 0.994491 -0.024308 0.096913
1666059895.350362 -36.113898 -0.101458 -10.986882 -0.031581 0.994741 -0.024808 0.094226
1666059895.450362 -36.133668 -0.098427 -10.820137 -0.034768 0.995292 -0.025249 0.086877
1666059895.550362 -36.161030 -0.092328 -10.668799 -0.035436 0.995870 -0.023160 0.080318
1666059895.650362 -36.182487 -0.094274 -10.508658 -0.033926 0.996362 -0.022093 0.074996
1666059895.750362 -36.203421 -0.084210 -10.353945 -0.033999 0.996843 -0.022549 0.068116
1666059895.850362 -36.213276 -0.077631 -10.195860 -0.035699 0.997132 -0.025244 0.061768
1666059895.950362 -36.235777 -0.070405 -10.048508 -0.032431 0.997662 -0.026227 0.054138
1666059896.050362 -36.253300 -0.066250 -9.884901 -0.030858 0.997901 -0.026457 0.050420
1666059896.150362 -36.261483 -0.064077 -9.724573 -0.031353 0.998169 -0.025383 0.045072
1666059896.250362 -36.270457 -0.058779 -9.569030 -0.032747 0.998272 -0.024050 0.042451
1666059896.350362 -36.276110 -0.059736 -9.415825 -0.031027 0.998459 -0.021868 0.040475
1666059896.450362 -36.291923 -0.056625 -9.261095 -0.028267 0.998617 -0.021974 0.038491
1666059896.550362 -36.297498 -0.053241 -9.106853 -0.029112 0.998603 -0.023762 0.037148
1666059896.650362 -36.301930 -0.048702 -8.952629 -0.028895 0.998694 -0.025876 0.033246
1666059896.750362 -36.314542 -0.034067 -8.815056 -0.027895 0.998683 -0.028317 0.032448
1666059896.850362 -36.323899 -0.024930 -8.659065 -0.027157 0.998714 -0.030073 0.030479
1666059896.950362 -36.337464 -0.012917 -8.509260 -0.027135 0.998700 -0.032259 0.028643
1666059897.050344 -36.342740 0.001341 -8.362766 -0.028631 0.998745 -0.031264 0.026666
1666059897.150326 -36.349530 0.007801 -8.215253 -0.027691 0.998812 -0.031690 0.024555
1666059897.250309 -36.358022 0.009465 -8.069421 -0.027087 0.998935 -0.029009 0.023548
1666059897.350293 -36.360502 0.010426 -7.920664 -0.028851 0.999049 -0.027922 0.016979
1666059897.450278 -36.368172 0.022928 -7.779760 -0.027801 0.999163 -0.029215 0.006921
1666059897.550263 -36.375004 0.037184 -7.644739 -0.025813 0.999153 -0.031631 -0.005076
1666059897.650249 -36.368675 0.045281 -7.496627 -0.026312 0.998929 -0.033434 -0.018159
1666059897.750237 -36.369223 0.052031 -7.346063 -0.023811 0.998622 -0.036340 -0.029454
1666059897.850227 -36.366638 0.069589 -7.211898 -0.021373 0.998106 -0.037368 -0.043946
1666059897.950220 -36.355075 0.084434 -7.082050 -0.019075 0.997352 -0.038255 -0.058835
1666059898.050213 -36.329039 0.093831 -6.941713 -0.025202 0.995869 -0.046902 -0.073547
1666059898.150206 -36.304547 0.097925 -6.771852 -0.024167 0.994225 -0.066872 -0.080379
1666059898.250200 -36.304166 0.136715 -6.644195 -0.010786 0.993530 -0.059453 -0.096166
1666059898.350196 -36.273358 0.162140 -6.529986 -0.012130 0.992547 -0.051249 -0.109897
1666059898.450194 -36.240868 0.188964 -6.427217 -0.015630 0.992178 -0.044005 -0.115766
1666059898.550195 -36.207162 0.204876 -6.327303 -0.016662 0.991570 -0.028336 -0.125334
1666059898.650197 -36.179460 0.210852 -6.218335 -0.012618 0.990574 -0.010401 -0.135996
1666059898.750200 -36.163613 0.209567 -6.073448 -0.004055 0.989764 -0.015636 -0.141796
1666059898.850202 -36.134113 0.220609 -5.935562 -0.005264 0.987502 -0.021203 -0.156088
1666059898.950203 -36.081186 0.226863 -5.805583 -0.007646 0.985981 -0.019615 -0.165527
1666059899.050204 -36.041862 0.227264 -5.665220 -0.006523 0.984502 -0.022725 -0.173773
1666059899.150204 -35.991356 0.235235 -5.540309 -0.007539 0.982100 -0.021547 -0.186972
1666059899.250204 -35.938138 0.244515 -5.409016 -0.006996 0.980000 -0.024972 -0.197299
1666059899.350204 -35.892863 0.255292 -5.296127 -0.003979 0.975059 -0.025629 -0.220424
1666059899.450204 -35.841259 0.263122 -5.197219 -0.006413 0.971191 -0.024409 -0.236960
1666059899.550204 -35.794735 0.268678 -5.103825 -0.005905 0.966633 -0.024378 -0.254934
1666059899.650204 -35.747046 0.274294 -5.023948 -0.006201 0.962078 -0.023915 -0.271654
1666059899.750204 -35.708309 0.278872 -4.934194 -0.005540 0.958943 -0.022698 -0.282635
1666059899.850204 -35.667638 0.284382 -4.835792 0.001026 0.954511 -0.025215 -0.297106
1666059899.950204 -35.610849 0.293249 -4.747594 -0.001153 0.949908 -0.025087 -0.311520
1666059900.050204 -35.555406 0.302826 -4.663607 -0.001990 0.942661 -0.027016 -0.332651
1666059900.150204 -35.503600 0.307306 -4.589791 -0.000885 0.934201 -0.031053 -0.355393
1666059900.250204 -35.451447 0.315738 -4.538822 -0.000537 0.925639 -0.029842 -0.377230
1666059900.350204 -35.407372 0.321509 -4.484465 0.001827 0.920786 -0.027549 -0.389089
1666059900.450204 -35.360825 0.326226 -4.414699 0.003513 0.914919 -0.027627 -0.402677
1666059900.550204 -35.301955 0.334037 -4.354687 0.003477 0.907640 -0.024578 -0.419016
1666059900.650204 -35.235072 0.340641 -4.281672 0.002678 0.898968 -0.026520 -0.437203
1666059900.750204 -35.155256 0.343924 -4.214622 0.003298 0.886880 -0.030327 -0.460992
1666059900.850204 -35.086055 0.349201 -4.177399 0.003127 0.871337 -0.029391 -0.489794
1666059900.950204 -35.024098 0.356926 -4.148495 -0.002113 -0.856995 0.030631 0.514409
1666059901.050204 -34.966486 0.358151 -4.117495 -0.003891 -0.843049 0.030740 0.536944
1666059901.150204 -34.909737 0.362149 -4.094282 -0.005748 -0.830627 0.029897 0.555996
1666059901.250204 -34.853722 0.364984 -4.069056 -0.005800 -0.819402 0.027084 0.572550
1666059901.350204 -34.788622 0.368706 -4.028031 -0.007865 -0.811168 0.029511 0.584015
1666059901.450204 -34.718749 0.370973 -3.995418 -0.012507 -0.798254 0.029309 0.601478
1666059901.550204 -34.617692 0.372601 -3.969385 -0.012948 -0.790815 0.025435 0.611390
1666059901.650204 -34.504306 0.373692 -3.930172 -0.014295 -0.779076 0.028492 0.626119
1666059901.750204 -34.391168 0.376378 -3.912846 -0.011503 -0.771418 0.026493 0.635673
1666059901.850204 -34.262190 0.376948 -3.885968 -0.011044 -0.764851 0.028197 0.643495
1666059901.950204 -34.136588 0.381617 -3.864589 -0.011357 -0.754332 0.030291 0.655695
1666059902.050204 -34.027918 0.388593 -3.862211 -0.010634 -0.743610 0.024346 0.668086
1666059902.150204 -33.901870 0.391381 -3.841378 -0.012627 -0.740706 0.026596 0.671184
1666059902.250204 -33.762624 0.389980 -3.822906 -0.012968 -0.736246 0.028658 0.675983
1666059902.350204 -33.622439 0.391275 -3.813130 -0.012221 -0.733025 0.029732 0.679442
1666059902.450204 -33.494178 0.394950 -3.809809 -0.012496 -0.731050 0.027445 0.681657
1666059902.550204 -33.369135 0.399092 -3.799031 -0.013635 -0.729711 0.026238 0.683116
1666059902.650204 -33.237708 0.401368 -3.791407 -0.014972 -0.729051 0.026642 0.683777
1666059902.750204 -33.104100 0.404630 -3.782488 -0.015222 -0.727407 0.026530 0.685524
1666059902.850204 -32.964881 0.403659 -3.773798 -0.013366 -0.725552 0.027287 0.687497
1666059902.950204 -32.846749 0.406120 -3.773572 -0.011017 -0.717666 0.029158 0.695689
1666059903.050204 -32.749483 0.413956 -3.774244 -0.010940 -0.712490 0.024109 0.701183
1666059903.150204 -32.635405 0.418209 -3.764399 -0.015306 -0.710462 0.024738 0.703134
1666059903.250204 -32.498994 0.419853 -3.756441 -0.018240 -0.707900 0.025043 0.705633
1666059903.350204 -32.350821 0.416232 -3.757975 -0.017138 -0.706059 0.025165 0.707498
1666059903.450204 -32.209764 0.416397 -3.758606 -0.014579 -0.704810 0.026251 0.708761
1666059903.550204 -32.075966 0.416703 -3.758095 -0.014040 -0.703574 0.026778 0.709979
1666059903.650204 -31.940587 0.413214 -3.763175 -0.015781 -0.701704 0.026573 0.711798
1666059903.750204 -31.819536 0.413268 -3.769147 -0.016457 -0.700672 0.025939 0.712822
1666059903.850204 -31.690886 0.411904 -3.772126 -0.016267 -0.698980 0.025230 0.714511
1666059903.950204 -31.548056 0.412286 -3.778230 -0.015263 -0.698104 0.025651 0.715374
1666059904.050204 -31.409972 0.415254 -3.777214 -0.015016 -0.698165 0.026560 0.715287
1666059904.150204 -31.264209 0.413916 -3.780854 -0.013881 -0.696136 0.027844 0.717236
1666059904.250204 -31.124936 0.414810 -3.790785 -0.014427 -0.695688 0.025755 0.717738
1666059904.350204 -30.993819 0.418062 -3.790405 -0.014993 -0.695309 0.025504 0.718101
1666059904.450204 -30.863156 0.418776 -3.790469 -0.017089 -0.693581 0.025599 0.719721
1666059904.550204 -30.714502 0.418301 -3.796764 -0.017852 -0.692059 0.024853 0.721193
1666059904.650204 -30.561014 0.423115 -3.804997 -0.015376 -0.691802 0.025147 0.721485
1666059904.750204 -30.391118 0.418282 -3.817704 -0.013357 -0.691070 0.025539 0.722213
1666059904.850204 -30.228928 0.416358 -3.825048 -0.015085 -0.690728 0.025037 0.722524
1666059904.950204 -30.073641 0.418445 -3.829911 -0.015587 -0.689878 0.025832 0.723297
1666059905.050204 -29.917558 0.418049 -3.836308 -0.015113 -0.689201 0.025463 0.723965
1666059905.150204 -29.764119 0.418976 -3.847232 -0.015404 -0.688449 0.025015 0.724690
1666059905.250204 -29.611352 0.421102 -3.850416 -0.015903 -0.687541 0.025081 0.725538
1666059905.350204 -29.451639 0.419036 -3.865560 -0.015582 -0.687162 0.024624 0.725920
1666059905.450204 -29.293774 0.420535 -3.875202 -0.015088 -0.686471 0.024494 0.726588
1666059905.550204 -29.139004 0.417916 -3.880903 -0.015794 -0.686528 0.023851 0.726540
1666059905.650204 -28.985279 0.417487 -3.888828 -0.017727 -0.687332 0.023099 0.725760
1666059905.750204 -28.819019 0.416403 -3.905716 -0.017968 -0.687075 0.021922 0.726033
1666059905.850204 -28.648511 0.414241 -3.916546 -0.019224 -0.688205 0.022223 0.724921
1666059905.950204 -28.469976 0.410333 -3.923719 -0.020518 -0.689290 0.022149 0.723856
1666059906.050204 -28.287358 0.408680 -3.936966 -0.017284 -0.690429 0.023341 0.722817
1666059906.150204 -28.106332 0.404885 -3.949698 -0.015622 -0.693247 0.024625 0.720110
1666059906.250204 -27.944143 0.405805 -3.958612 -0.017120 -0.693960 0.024892 0.719380
1666059906.350204 -27.802202 0.409876 -3.962188 -0.018687 -0.694331 0.024590 0.718993
1666059906.450204 -27.646259 0.409961 -3.969480 -0.019836 -0.695430 0.022961 0.717953
1666059906.550204 -27.479408 0.403662 -3.974939 -0.021297 -0.695732 0.022500 0.717633
1666059906.650204 -27.298534 0.396567 -3.979540 -0.021343 -0.696873 0.023320 0.716498
1666059906.750204 -27.118168 0.390726 -3.991561 -0.017525 -0.700291 0.025264 0.713195
1666059906.850204 -26.954389 0.391795 -3.990352 -0.017605 -0.706905 0.026959 0.706575
1666059906.950204 -26.795605 0.384186 -3.993613 -0.019512 -0.707929 0.024856 0.705576
1666059907.050204 -26.635125 0.383625 -3.996148 -0.019048 -0.710460 0.024069 0.703068
1666059907.150204 -26.470653 0.382124 -3.993605 -0.020288 -0.711477 0.023920 0.702009
1666059907.250204 -26.308889 0.380917 -3.993279 -0.021621 -0.711606 0.024504 0.701819
1666059907.350204 -26.135988 0.376407 -3.989379 -0.020252 -0.711992 0.024462 0.701470
1666059907.450204 -25.968281 0.370447 -3.989208 -0.019778 -0.713129 0.024204 0.700336
1666059907.550204 -25.811632 0.369515 -3.983355 -0.020024 -0.713206 0.023780 0.700265
1666059907.650204 -25.660931 0.370128 -3.978635 -0.020177 -0.714186 0.024659 0.699230
1666059907.750204 -25.506183 0.373003 -3.974696 -0.021287 -0.714420 0.024127 0.698977
1666059907.850204 -25.341861 0.372680 -3.968362 -0.022018 -0.715774 0.024038 0.697571
1666059907.950204 -25.183029 0.371738 -3.959200 -0.022770 -0.715817 0.024381 0.697491
1666059908.050204 -25.017465 0.371766 -3.956935 -0.022920 -0.715354 0.024143 0.697968
1666059908.150204 -24.856913 0.373791 -3.954399 -0.022149 -0.715829 0.024254 0.697502
1666059908.250204 -24.701978 0.369862 -3.947456 -0.023251 -0.715375 0.023163 0.697970
1666059908.350204 -24.537680 0.365823 -3.945271 -0.023421 -0.715449 0.023732 0.697868
1666059908.450204 -24.377629 0.364695 -3.941915 -0.023914 -0.715184 0.023521 0.698131
1666059908.550204 -24.216463 0.361864 -3.938967 -0.024831 -0.715413 0.022799 0.697888
1666059908.650204 -24.054326 0.359767 -3.931474 -0.024235 -0.715776 0.024002 0.697497
1666059908.750204 -23.889348 0.354954 -3.926477 -0.024433 -0.716026 0.023370 0.697255
1666059908.850204 -23.726148 0.350008 -3.921923 -0.023028 -0.716402 0.024075 0.696892
1666059908.950204 -23.560573 0.350566 -3.919228 -0.022284 -0.716217 0.024572 0.697088
1666059909.050204 -23.399995 0.349936 -3.919414 -0.021247 -0.715713 0.025058 0.697621
1666059909.150204 -23.237884 0.350827 -3.918359 -0.021184 -0.715595 0.024963 0.697748
1666059909.250204 -23.070401 0.344711 -3.913601 -0.022782 -0.715512 0.023325 0.697839
1666059909.350204 -22.900767 0.337343 -3.910334 -0.023791 -0.715693 0.023724 0.697606
1666059909.450204 -22.741941 0.339139 -3.901972 -0.025210 -0.715748 0.023113 0.697521
1666059909.550204 -22.585169 0.335286 -3.903729 -0.022549 -0.715985 0.023210 0.697365
1666059909.650204 -22.435498 0.336546 -3.901213 -0.023014 -0.716431 0.022025 0.696930
1666059909.750204 -22.266217 0.329320 -3.895048 -0.022933 -0.715768 0.023786 0.697556
1666059909.850204 -22.104257 0.329543 -3.898376 -0.023214 -0.716265 0.021662 0.697106
1666059909.950204 -21.941571 0.328153 -3.895632 -0.024321 -0.717865 0.021138 0.695436
1666059910.050204 -21.773972 0.325826 -3.889776 -0.024567 -0.716765 0.022845 0.696508
1666059910.150204 -21.602451 0.317812 -3.888422 -0.024526 -0.716662 0.022541 0.696625
1666059910.250204 -21.436170 0.317722 -3.886516 -0.023664 -0.716720 0.022172 0.696607
1666059910.350204 -21.271640 0.316533 -3.883948 -0.023148 -0.715833 0.022404 0.697528
1666059910.450204 -21.115826 0.313012 -3.882215 -0.024669 -0.715506 0.022267 0.697816
1666059910.550204 -20.964021 0.313702 -3.873077 -0.025366 -0.715397 0.022316 0.697901
1666059910.650204 -20.811124 0.308823 -3.868790 -0.026818 -0.715898 0.020273 0.697395
1666059910.750204 -20.653619 0.306420 -3.860219 -0.026641 -0.715894 0.021368 0.697373
1666059910.850204 -20.498188 0.304425 -3.856336 -0.026326 -0.715981 0.021396 0.697295
1666059910.950204 -20.324754 0.296392 -3.851655 -0.025964 -0.715868 0.021365 0.697426
1666059911.050204 -20.152056 0.290419 -3.850929 -0.025769 -0.715476 0.021306 0.697837
1666059911.150204 -19.983965 0.286730 -3.842160 -0.025315 -0.715306 0.022001 0.698006
1666059911.250204 -19.817488 0.283474 -3.834857 -0.025839 -0.715143 0.021988 0.698154
1666059911.350204 -19.660143 0.282941 -3.827971 -0.026753 -0.714957 0.021355 0.698330
1666059911.450204 -19.492468 0.277253 -3.818859 -0.027346 -0.715152 0.022400 0.698075
1666059911.550204 -19.342507 0.273760 -3.808330 -0.028064 -0.715096 0.021719 0.698124
1666059911.650217 -19.191227 0.271875 -3.804016 -0.027869 -0.714703 0.020923 0.698560
1666059911.750226 -19.033048 0.268903 -3.801204 -0.028600 -0.714972 0.019916 0.698284
1666059911.850235 -18.867085 0.264555 -3.791540 -0.029662 -0.714739 0.020540 0.698460
1666059911.950243 -18.711991 0.262867 -3.786051 -0.029936 -0.714638 0.021225 0.698531
1666059912.050249 -18.548301 0.254811 -3.782590 -0.031197 -0.714919 0.019584 0.698236
1666059912.150254 -18.384928 0.247541 -3.773382 -0.031538 -0.715214 0.020887 0.697881
1666059912.250257 -18.219455 0.240721 -3.767190 -0.032071 -0.714710 0.021389 0.698358
1666059912.350257 -18.056204 0.233811 -3.764962 -0.031874 -0.714238 0.021117 0.698858
1666059912.450256 -17.889208 0.226809 -3.761024 -0.032099 -0.713996 0.021324 0.699089
1666059912.550257 -17.719881 0.224001 -3.758811 -0.032002 -0.713356 0.021388 0.699744
1666059912.650258 -17.563092 0.221935 -3.752698 -0.032481 -0.713235 0.021210 0.699851
1666059912.750259 -17.404888 0.219279 -3.739808 -0.033534 -0.713457 0.020654 0.699592
1666059912.850261 -17.242048 0.212934 -3.731707 -0.034087 -0.713758 0.021760 0.699224
1666059912.950263 -17.081297 0.206588 -3.730080 -0.034414 -0.713375 0.021653 0.699602
1666059913.050264 -16.912790 0.198246 -3.727106 -0.034137 -0.714735 0.021377 0.698234
1666059913.150264 -16.737439 0.186147 -3.722066 -0.034774 -0.715736 0.020474 0.697204
1666059913.250263 -16.558635 0.182414 -3.717413 -0.030684 -0.719557 0.023805 0.693347
1666059913.350261 -16.389643 0.177392 -3.707677 -0.033426 -0.722500 0.023645 0.690158
1666059913.450260 -16.230267 0.176619 -3.700332 -0.034578 -0.724523 0.023027 0.687997
1666059913.550258 -16.073926 0.171593 -3.693529 -0.033901 -0.727030 0.023209 0.685376
1666059913.650258 -15.918509 0.171462 -3.684232 -0.033706 -0.729686 0.023152 0.682558
1666059913.750258 -15.761330 0.165367 -3.675833 -0.033772 -0.731354 0.023855 0.680743
1666059913.850258 -15.597603 0.162002 -3.664763 -0.033208 -0.731463 0.023643 0.680662
1666059913.950258 -15.433834 0.158285 -3.658486 -0.031720 -0.732034 0.023721 0.680116
1666059914.050258 -15.271130 0.156679 -3.647426 -0.033051 -0.733539 0.023376 0.678441
1666059914.150258 -15.106053 0.148389 -3.630520 -0.035448 -0.734247 0.023222 0.677559
1666059914.250258 -14.947104 0.142175 -3.622693 -0.035013 -0.734908 0.022662 0.676883
1666059914.350258 -14.785103 0.136253 -3.602896 -0.035359 -0.735458 0.022091 0.676286
1666059914.450258 -14.619961 0.130396 -3.590711 -0.035212 -0.735685 0.021548 0.676064
1666059914.550258 -14.444681 0.122795 -3.573975 -0.035515 -0.735520 0.021550 0.676228
1666059914.650258 -14.276124 0.114800 -3.558108 -0.034726 -0.735927 0.021803 0.675819
1666059914.750245 -14.119007 0.111704 -3.536359 -0.035350 -0.735964 0.021798 0.675745
1666059914.850234 -13.954573 0.102048 -3.517309 -0.036067 -0.736145 0.022158 0.675499
1666059914.950226 -13.794706 0.095463 -3.504539 -0.035645 -0.736424 0.022665 0.675201
1666059915.050217 -13.635894 0.092554 -3.493558 -0.035859 -0.735877 0.022553 0.675789
1666059915.150211 -13.475980 0.085363 -3.479552 -0.036060 -0.736625 0.022362 0.674969
1666059915.250206 -13.312863 0.080691 -3.461246 -0.036977 -0.736797 0.022006 0.674743
1666059915.350201 -13.148406 0.075362 -3.448576 -0.036345 -0.737205 0.022195 0.674326
1666059915.450196 -12.989918 0.073339 -3.433487 -0.037549 -0.737027 0.021267 0.674484
1666059915.550192 -12.836353 0.067478 -3.417979 -0.038215 -0.737235 0.021362 0.674216
1666059915.650190 -12.669974 0.061098 -3.399186 -0.037659 -0.737486 0.023360 0.673907
1666059915.750187 -12.504263 0.055552 -3.385430 -0.038156 -0.737261 0.023453 0.674122
1666059915.850186 -12.337554 0.043628 -3.373062 -0.037489 -0.737986 0.023384 0.673368
1666059915.950185 -12.178444 0.039557 -3.357713 -0.037014 -0.737011 0.023252 0.674466
1666059916.050184 -12.011918 0.027961 -3.346770 -0.036971 -0.737904 0.022737 0.673509
1666059916.150182 -11.849173 0.017513 -3.332918 -0.038794 -0.737332 0.021864 0.674061
1666059916.250181 -11.697210 0.011306 -3.320046 -0.038616 -0.737084 0.021598 0.674351
1666059916.350178 -11.535119 0.003199 -3.310687 -0.038077 -0.737452 0.021278 0.673990
1666059916.450175 -11.374209 -0.006152 -3.298053 -0.038774 -0.737175 0.021239 0.674254
1666059916.550173 -11.213589 -0.016770 -3.282659 -0.039128 -0.737450 0.021293 0.673931
1666059916.650169 -11.052472 -0.024972 -3.269547 -0.039075 -0.737403 0.020222 0.674019
1666059916.750168 -10.888520 -0.037944 -3.256888 -0.038886 -0.737414 0.020406 0.674012
1666059916.850168 -10.729630 -0.044574 -3.239725 -0.040341 -0.737314 0.019797 0.674054
1666059916.950168 -10.564802 -0.050634 -3.221802 -0.040657 -0.737403 0.020224 0.673925
1666059917.050168 -10.410505 -0.056812 -3.208435 -0.039836 -0.737505 0.021116 0.673835
1666059917.150168 -10.250153 -0.061430 -3.191979 -0.040872 -0.737482 0.020883 0.673805
1666059917.250168 -10.099421 -0.069119 -3.180098 -0.040850 -0.737429 0.021018 0.673860
1666059917.350168 -9.942809 -0.073806 -3.170476 -0.040230 -0.737092 0.020644 0.674278
1666059917.450168 -9.783157 -0.078191 -3.153646 -0.040471 -0.737512 0.020805 0.673799
1666059917.550168 -9.623236 -0.083824 -3.140718 -0.041780 -0.737121 0.020134 0.674168
1666059917.650168 -9.472681 -0.087206 -3.124995 -0.042453 -0.736903 0.020447 0.674354
1666059917.750168 -9.306144 -0.096843 -3.112853 -0.041822 -0.736746 0.020184 0.674573
1666059917.850168 -9.154529 -0.100872 -3.099014 -0.042802 -0.736824 0.019558 0.674445
1666059917.950168 -9.000305 -0.109741 -3.085848 -0.042425 -0.736813 0.019541 0.674481
1666059918.050168 -8.841284 -0.117399 -3.079137 -0.041928 -0.736185 0.018934 0.675215
1666059918.150168 -8.684633 -0.124947 -3.069012 -0.041402 -0.736053 0.019359 0.675379
1666059918.250168 -8.527466 -0.130035 -3.057727 -0.042200 -0.735416 0.018720 0.676042
1666059918.350168 -8.377823 -0.132921 -3.042033 -0.042926 -0.735196 0.018215 0.676249
1666059918.450168 -8.215270 -0.144890 -3.030960 -0.042107 -0.734986 0.018434 0.676522
1666059918.550168 -8.057501 -0.151582 -3.021140 -0.042639 -0.734257 0.017123 0.677315
1666059918.650168 -7.898971 -0.158750 -3.014346 -0.042167 -0.734223 0.017599 0.677369
1666059918.750168 -7.738743 -0.168650 -3.008101 -0.042212 -0.733472 0.016232 0.678213
1666059918.850168 -7.577045 -0.179046 -2.992435 -0.042910 -0.733631 0.016187 0.677998
1666059918.950168 -7.412242 -0.188838 -2.983206 -0.042935 -0.732602 0.015974 0.679114
1666059919.050168 -7.250989 -0.196796 -2.973913 -0.043815 -0.732437 0.015147 0.679255
1666059919.150168 -7.094036 -0.207509 -2.964388 -0.043107 -0.731879 0.016014 0.679882
1666059919.250168 -6.931205 -0.214297 -2.950145 -0.043111 -0.731678 0.015694 0.680105
1666059919.350168 -6.766112 -0.222098 -2.941564 -0.043253 -0.731408 0.015145 0.680399
1666059919.450168 -6.607014 -0.231175 -2.929620 -0.043161 -0.731169 0.014835 0.680668
1666059919.550168 -6.441929 -0.240077 -2.923333 -0.042742 -0.730730 0.015168 0.681158
1666059919.650168 -6.277886 -0.248543 -2.916235 -0.043061 -0.729812 0.014843 0.682129
1666059919.750168 -6.126611 -0.253891 -2.905160 -0.043972 -0.730002 0.014329 0.681878
1666059919.850168 -5.960096 -0.261206 -2.898228 -0.042905 -0.729323 0.015212 0.682654
1666059919.950168 -5.799603 -0.267233 -2.890984 -0.042862 -0.728479 0.015312 0.683554
1666059920.050168 -5.644230 -0.274937 -2.884360 -0.042260 -0.728576 0.015229 0.683491
1666059920.150168 -5.483058 -0.282193 -2.878009 -0.042610 -0.727862 0.015394 0.684226
1666059920.250168 -5.324994 -0.287761 -2.868261 -0.042076 -0.727346 0.016405 0.684783
1666059920.350168 -5.171740 -0.296314 -2.860788 -0.042313 -0.726927 0.015410 0.685237
1666059920.450168 -5.024800 -0.301554 -2.855969 -0.042743 -0.726711 0.014560 0.685458
1666059920.550168 -4.871303 -0.308097 -2.846241 -0.042372 -0.726529 0.015425 0.685655
1666059920.650168 -4.720920 -0.315367 -2.840519 -0.042552 -0.726114 0.015872 0.686072
1666059920.750168 -4.568494 -0.324142 -2.828469 -0.042621 -0.726056 0.014748 0.686155
1666059920.850168 -4.423078 -0.330793 -2.821886 -0.042623 -0.725608 0.014048 0.686643
1666059920.950159 -4.272907 -0.340563 -2.807269 -0.042927 -0.725800 0.014241 0.686418
1666059921.050150 -4.127930 -0.346716 -2.795746 -0.045080 -0.725077 0.013208 0.687063
1666059921.150143 -3.976725 -0.353359 -2.787770 -0.046139 -0.723902 0.011732 0.688258
1666059921.250135 -3.819213 -0.364045 -2.777316 -0.045615 -0.722357 0.011299 0.689921
1666059921.350128 -3.650649 -0.376497 -2.765739 -0.046220 -0.721160 0.011496 0.691129
1666059921.450121 -3.476503 -0.388032 -2.746797 -0.045644 -0.716852 0.012528 0.695617
1666059921.550115 -3.316829 -0.397461 -2.733807 -0.044504 -0.705697 0.015757 0.706939
1666059921.650111 -3.183429 -0.398866 -2.740011 -0.043669 -0.691400 0.012647 0.721040
1666059921.750108 -3.060239 -0.402645 -2.742908 -0.046015 -0.677818 0.010225 0.733717
1666059921.850104 -2.936646 -0.409753 -2.749159 -0.047999 -0.664588 0.007246 0.745631
1666059921.950103 -2.806716 -0.422609 -2.757161 -0.047617 -0.653959 0.008223 0.754985
1666059922.050101 -2.692807 -0.428831 -2.774226 -0.047721 -0.639359 0.006543 0.767398
1666059922.150100 -2.578401 -0.429929 -2.800045 -0.049051 -0.629315 0.004560 0.775587
1666059922.250100 -2.446173 -0.437383 -2.822048 -0.048489 -0.617593 0.006563 0.784974
1666059922.350101 -2.344206 -0.439457 -2.862632 -0.046407 -0.595601 0.001999 0.801936
1666059922.450103 -2.231545 -0.447670 -2.903938 -0.046480 -0.589482 -0.001557 0.806442
1666059922.550104 -2.105929 -0.458697 -2.936402 -0.047408 -0.577837 0.002189 0.814771
1666059922.650107 -2.001264 -0.466760 -2.984695 -0.046945 -0.556845 0.001079 0.829288
1666059922.750110 -1.896550 -0.471937 -3.039576 -0.047612 -0.545810 -0.001077 0.836555
1666059922.850114 -1.784610 -0.487370 -3.078790 -0.046611 -0.532482 0.003288 0.845150
1666059922.950116 -1.706374 -0.497270 -3.125281 -0.047157 -0.510304 -0.001147 0.858700
1666059923.050116 -1.629129 -0.503257 -3.178500 -0.050195 -0.501953 -0.003665 0.863429
1666059923.150125 -1.553138 -0.521835 -3.223875 -0.049888 -0.479670 -0.001459 0.876029
1666059923.250134 -1.508142 -0.532477 -3.286550 -0.048069 -0.462610 -0.010400 0.885197
1666059923.350142 -1.439334 -0.542162 -3.327975 -0.047527 -0.458167 -0.007727 0.887561
1666059923.450150 -1.382315 -0.554484 -3.368838 -0.048394 -0.449156 -0.008999 0.892096
1666059923.550158 -1.328894 -0.565865 -3.403636 -0.050738 -0.440026 -0.011372 0.896479
1666059923.650165 -1.264405 -0.577707 -3.443864 -0.052074 -0.432031 -0.010648 0.900291
1666059923.750171 -1.198579 -0.587762 -3.491433 -0.055486 -0.426802 -0.011441 0.902569
1666059923.850176 -1.126275 -0.596562 -3.543985 -0.056108 -0.418736 -0.011309 0.906303
1666059923.950181 -1.046652 -0.610427 -3.615027 -0.055787 -0.411852 -0.012140 0.909460
1666059924.050186 -0.962862 -0.620815 -3.685533 -0.053409 -0.406397 -0.011199 0.912066
1666059924.150190 -0.884050 -0.634077 -3.758417 -0.049358 -0.395603 -0.010002 0.917040
1666059924.250194 -0.827752 -0.642736 -3.822969 -0.049228 -0.378354 -0.012152 0.924271
1666059924.350197 -0.780180 -0.648564 -3.871362 -0.048873 -0.356800 -0.012456 0.932818
1666059924.450200 -0.746004 -0.657437 -3.923035 -0.049123 -0.331144 -0.015038 0.942181
1666059924.550200 -0.712958 -0.665065 -3.965511 -0.049063 -0.305919 -0.015283 0.950670
1666059924.650200 -0.687907 -0.671203 -4.003041 -0.048187 -0.280264 -0.016303 0.958574
1666059924.750199 -0.668756 -0.674663 -4.031236 -0.047112 -0.256982 -0.018555 0.965089
1666059924.850199 -0.643356 -0.677501 -4.059270 -0.047524 -0.234011 -0.019606 0.970874
1666059924.950199 -0.606669 -0.686101 -4.094401 -0.048400 -0.213136 -0.018965 0.975639
1666059925.050200 -0.568767 -0.689404 -4.134917 -0.051372 -0.195106 -0.019371 0.979244
1666059925.150200 -0.531116 -0.696790 -4.199171 -0.051337 -0.188653 -0.018666 0.980523
1666059925.250200 -0.486483 -0.710883 -4.281153 -0.050167 -0.186448 -0.015837 0.981055
1666059925.350200 -0.448747 -0.723728 -4.372386 -0.045322 -0.182810 -0.014336 0.981998
1666059925.450200 -0.410122 -0.738452 -4.469991 -0.038240 -0.180504 -0.012101 0.982756
1666059925.550200 -0.391749 -0.739977 -4.551086 -0.036254 -0.176737 -0.018604 0.983414
1666059925.650200 -0.378863 -0.745305 -4.632255 -0.034806 -0.169792 -0.025756 0.984528
1666059925.750200 -0.347572 -0.751775 -4.702637 -0.036897 -0.159592 -0.026149 0.986147
1666059925.850200 -0.314301 -0.760785 -4.767833 -0.039548 -0.134843 -0.026581 0.989721
1666059925.950200 -0.283315 -0.768928 -4.843366 -0.041594 -0.114009 -0.025028 0.992293
1666059926.050200 -0.268211 -0.772689 -4.920783 -0.040891 -0.094118 -0.030396 0.994256
1666059926.150200 -0.233522 -0.780490 -5.006078 -0.046951 -0.088269 -0.023685 0.994708
1666059926.250200 -0.197353 -0.795855 -5.093855 -0.051956 -0.083312 -0.019796 0.994971
1666059926.350200 -0.186242 -0.807245 -5.176513 -0.056541 -0.080207 -0.022506 0.994919
1666059926.450200 -0.174295 -0.813608 -5.253698 -0.063085 -0.080709 -0.025119 0.994422
1666059926.550200 -0.165588 -0.822717 -5.323765 -0.063217 -0.073417 -0.030635 0.994824
1666059926.650205 -0.153002 -0.828184 -5.399992 -0.062009 -0.066475 -0.033286 0.995303
1666059926.750217 -0.132180 -0.837553 -5.489085 -0.059075 -0.055096 -0.033571 0.996166
1666059926.850226 -0.115461 -0.854141 -5.588014 -0.056803 -0.045540 -0.030291 0.996886
1666059926.950237 -0.104885 -0.859412 -5.681469 -0.054897 -0.044152 -0.030234 0.997057
1666059927.050245 -0.085463 -0.872628 -5.780927 -0.052498 -0.040300 -0.025484 0.997482
1666059927.150253 -0.078910 -0.883679 -5.882757 -0.050493 -0.040474 -0.026239 0.997559
1666059927.250261 -0.069712 -0.888992 -5.982272 -0.048442 -0.039238 -0.026908 0.997692
1666059927.350267 -0.061680 -0.891789 -6.081624 -0.047083 -0.037879 -0.027632 0.997790
1666059927.450275 -0.062703 -0.906727 -6.195498 -0.048323 -0.035632 -0.029460 0.997761
1666059927.550282 -0.045235 -0.913911 -6.312304 -0.046668 -0.033819 -0.026241 0.997993
1666059927.650292 -0.028910 -0.928471 -6.440933 -0.044717 -0.033435 -0.022879 0.998178
1666059927.750302 -0.016507 -0.941182 -6.566610 -0.043976 -0.033394 -0.023768 0.998191
1666059927.850312 -0.006082 -0.946132 -6.693275 -0.041531 -0.032284 -0.025373 0.998293
1666059927.950321 0.005296 -0.956596 -6.813799 -0.041616 -0.031217 -0.025301 0.998325
1666059928.050329 0.015005 -0.963819 -6.921871 -0.040685 -0.029459 -0.025767 0.998405
1666059928.150336 0.023443 -0.974400 -7.027529 -0.042916 -0.029625 -0.024885 0.998329
1666059928.250341 0.038436 -0.983134 -7.143471 -0.041414 -0.028802 -0.023623 0.998447
1666059928.350348 0.045338 -0.996750 -7.263379 -0.039383 -0.027845 -0.023575 0.998558
1666059928.450352 0.054128 -1.008860 -7.381049 -0.036601 -0.026717 -0.024252 0.998678
1666059928.550355 0.062415 -1.017963 -7.486050 -0.032137 -0.022834 -0.023478 0.998947
1666059928.650357 0.069459 -1.020296 -7.560526 -0.031510 -0.020527 -0.023352 0.999020
1666059928.750356 0.071254 -1.023485 -7.616861 -0.031206 -0.018763 -0.023702 0.999056
1666059928.850356 0.072283 -1.021961 -7.653653 -0.031233 -0.020366 -0.024006 0.999016
1666059928.950356 0.081661 -1.018890 -7.686188 -0.031114 -0.021178 -0.023653 0.999011
1666059929.050356 0.086903 -1.021065 -7.712125 -0.031284 -0.021873 -0.023250 0.999001
1666059929.150357 0.091631 -1.020229 -7.736602 -0.030784 -0.022549 -0.023300 0.999000
1666059929.250356 0.100268 -1.017573 -7.761973 -0.030215 -0.023634 -0.023050 0.998998
1666059929.350356 0.102551 -1.018739 -7.782731 -0.030120 -0.023843 -0.023061 0.998996
1666059929.450356 0.111743 -1.028146 -7.824142 -0.030323 -0.024515 -0.022747 0.998981
1666059929.550356 0.133289 -1.035301 -7.866282 -0.030496 -0.026072 -0.022387 0.998944
1666059929.650357 0.154456 -1.038963 -7.906089 -0.030383 -0.027694 -0.022100 0.998910
1666059929.750356 0.156879 -1.039896 -7.929387 -0.030076 -0.027994 -0.022163 0.998910
1666059929.850356 0.173776 -1.047387 -7.965518 -0.030264 -0.029524 -0.021484 0.998875
1666059929.950356 0.193537 -1.052747 -8.002526 -0.030286 -0.031064 -0.021051 0.998837
1666059930.050356 0.196139 -1.054821 -8.028683 -0.030045 -0.031315 -0.020960 0.998838
1666059930.150357 0.203301 -1.060322 -8.062988 -0.029990 -0.031965 -0.020769 0.998823
1666059930.250356 0.209137 -1.058483 -8.082583 -0.029515 -0.032588 -0.020691 0.998819
1666059930.350356 0.216264 -1.061875 -8.107951 -0.029426 -0.033471 -0.020200 0.998802
1666059930.450356 0.220342 -1.063213 -8.137547 -0.029193 -0.033911 -0.020153 0.998795
1666059930.550356 0.221982 -1.066342 -8.161471 -0.029201 -0.033904 -0.020025 0.998798
1666059930.650357 0.226696 -1.067976 -8.184778 -0.029003 -0.034425 -0.019824 0.998790
1666059930.750356 0.237358 -1.067759 -8.210742 -0.028455 -0.035632 -0.019789 0.998764
1666059930.850356 0.242149 -1.071121 -8.238932 -0.028265 -0.036307 -0.019671 0.998747
1666059930.950356 0.246079 -1.078530 -8.274077 -0.028378 -0.036645 -0.019537 0.998734
1666059931.050356 0.247005 -1.081279 -8.298265 -0.028378 -0.036689 -0.019516 0.998733
1666059931.150357 0.249004 -1.084963 -8.324900 -0.028400 -0.036820 -0.019434 0.998729
1666059931.250356 0.254824 -1.086040 -8.348683 -0.028151 -0.037562 -0.019248 0.998712
1666059931.350356 0.256818 -1.090937 -8.375893 -0.028248 -0.037617 -0.019050 0.998711
1666059931.450356 0.260575 -1.094426 -8.406170 -0.028016 -0.037986 -0.019258 0.998700
1666059931.550356 0.263033 -1.097103 -8.430344 -0.027988 -0.038082 -0.019171 0.998699
1666059931.650357 0.264358 -1.099923 -8.454081 -0.027985 -0.038071 -0.019195 0.998699
1666059931.750356 0.267218 -1.102588 -8.476293 -0.028002 -0.038188 -0.019094 0.998696
1666059931.850356 0.279183 -1.104428 -8.506393 -0.027697 -0.039251 -0.018773 0.998669
1666059931.950356 0.288120 -1.105491 -8.530234 -0.027370 -0.040231 -0.018685 0.998641
1666059932.050356 0.298472 -1.110673 -8.560824 -0.027406 -0.041111 -0.018199 0.998613
1666059932.150357 0.300981 -1.111723 -8.580292 -0.027382 -0.041161 -0.018125 0.998613
1666059932.250356 0.312932 -1.119088 -8.618469 -0.027462 -0.042177 -0.017732 0.998575
1666059932.350356 0.315073 -1.121459 -8.643124 -0.027373 -0.042228 -0.017654 0.998577
1666059932.450356 0.318621 -1.123633 -8.665080 -0.027408 -0.042345 -0.017316 0.998577
1666059932.550356 0.323573 -1.123076 -8.684839 -0.027170 -0.042900 -0.017352 0.998559
1666059932.650357 0.328562 -1.123520 -8.705656 -0.026879 -0.043410 -0.017272 0.998546
