1666059837.050643 0.004116 -0.000279 -0.014677 0.000366 0.000191 0.001266 0.999999
1666059837.550370 0.004891 -0.001320 -0.036823 0.000310 -0.000000 0.001735 0.999998
1666059838.050294 0.008895 -0.002904 -0.066335 0.000509 -0.000611 0.001688 0.999998
1666059838.550278 0.012010 -0.000773 -0.095498 0.000991 -0.001259 0.001570 0.999997
1666059839.050278 0.018585 0.001620 -0.120957 0.001447 -0.002095 0.001792 0.999995
1666059839.550278 0.026164 0.006565 -0.141896 0.002245 -0.003480 0.001654 0.999990
1666059840.050278 0.031427 0.007023 -0.163273 0.002553 -0.004203 0.001637 0.999987
1666059840.550278 0.039225 0.010181 -0.339998 0.001836 -0.002190 0.002680 0.999992
1666059841.050278 0.026286 0.001201 -0.703417 -0.000403 0.001376 0.001703 0.999998
1666059841.550278 -0.004161 -0.002725 -1.109512 0.001644 0.004825 -0.000689 0.999987
1666059842.050238 -0.063288 0.007512 -1.519517 0.018185 0.011960 0.000892 0.999763
1666059842.550227 -0.090415 -0.009756 -1.876534 -0.012757 0.014327 -0.000598 0.999816
1666059843.050255 -0.106607 0.002428 -2.231553 -0.013265 0.019856 0.002805 0.999711
1666059843.550307 -0.051644 0.085706 -2.766130 0.005491 0.019312 0.002623 0.999795
1666059844.050323 -0.093872 0.092684 -3.275026 0.013100 0.023593 0.002950 0.999631
1666059844.550323 -0.165965 0.133432 -3.716678 0.019032 0.021460 0.003395 0.999583
1666059845.050323 -0.226691 0.159591 -4.276274 0.016847 0.013177 0.002672 0.999768
1666059845.550323 -0.262792 0.200668 -4.793870 0.016964 0.007769 0.000465 0.999826
1666059846.050323 -0.259405 0.221885 -5.429782 0.013339 -0.021688 0.004099 0.999667
1666059846.550323 -0.284805 0.243849 -5.825827 0.013224 -0.023450 0.007443 0.999610
1666059847.050388 -0.289025 0.253657 -6.407701 0.020593 -0.023718 0.011053 0.999445
1666059847.550416 -0.298759 0.277861 -6.922142 0.015802 -0.019413 0.005561 0.999671
1666059848.050402 -0.296744 0.286695 -7.435716 0.015752 -0.010288 0.005694 0.999807
1666059848.550364 -0.204373 0.353678 -7.948389 0.022263 -0.011792 0.007484 0.999655
1666059849.050354 -0.207946 0.355930 -8.343662 0.014417 0.006479 0.008625 0.999838
1666059849.550297 -0.215477 0.400973 -8.808739 0.018868 0.012403 0.007519 0.999717
1666059850.050256 -0.277263 0.405103 -9.352726 0.015089 0.024094 0.007981 0.999564
1666059850.550225 -0.289508 0.458544 -9.956099 0.021505 0.025889 0.010348 0.999380
1666059851.050201 -0.390446 0.492234 -10.474387 0.020296 0.038070 0.009027 0.999028
1666059851.550200 -0.483596 0.524105 -11.018273 0.033025 0.045974 0.011621 0.998329
1666059852.050220 -0.602364 0.584949 -11.543290 0.022024 0.055088 0.013268 0.998150
1666059852.550268 -0.666561 0.626681 -12.027576 0.011189 0.060105 0.013199 0.998042
1666059853.050314 -0.727761 0.623541 -12.581748 0.011309 0.065477 0.016160 0.997659
1666059853.550332 -0.849704 0.553224 -13.176624 0.006419 0.073498 0.014782 0.997165
1666059854.050314 -0.946409 0.663074 -13.605295 0.013598 0.079569 0.011698 0.996668
1666059854.550314 -1.068137 0.692211 -14.123561 0.011044 0.087696 0.009746 0.996038
1666059855.050314 -1.195313 0.666001 -14.595728 0.007028 0.096096 0.012598 0.995268
1666059855.550314 -1.334175 0.676017 -15.135492 0.006397 0.110851 0.012430 0.993739
1666059856.050314 -1.464500 0.648332 -15.598255 -0.000214 0.119300 0.013928 0.992760
1666059856.550314 -1.641719 0.706583 -16.048527 0.004280 0.131540 0.014876 0.991190
1666059857.050314 -1.829042 0.744866 -16.493233 0.006624 0.140410 0.012785 0.989989
1666059857.550314 -2.016527 0.759154 -16.966797 0.005940 0.150315 0.011488 0.988554
1666059858.050314 -2.142584 0.799960 -17.450959 0.004387 0.155325 0.010393 0.987799
1666059858.550314 -2.349854 0.857603 -17.892746 0.005879 0.163791 0.011288 0.986413
1666059859.050272 -2.530030 0.884312 -18.319934 0.011946 0.184542 0.011038 0.982690
1666059859.550258 -2.676340 0.976103 -18.759329 0.026356 0.191492 0.009089 0.981098
1666059860.050258 -2.882544 0.995813 -19.129313 0.006378 0.204943 0.016132 0.978620
1666059860.550273 -3.124375 1.020232 -19.564992 0.018145 0.216910 0.012059 0.975948
1666059861.050281 -3.269394 1.068138 -19.921749 0.016821 0.256314 0.014022 0.966345
1666059861.550281 -3.504617 1.075534 -20.230080 0.020158 0.315247 0.011709 0.948723
1666059862.050281 -3.636554 1.076735 -20.397110 0.011291 0.355362 0.016637 0.934513
1666059862.550281 -3.751058 1.081746 -20.504155 0.009385 0.413378 0.015214 0.910384
1666059863.050281 -3.846244 1.077603 -20.638996 0.005528 0.470981 0.019081 0.881919
1666059863.550236 -4.055256 1.089356 -20.753101 -0.001162 0.549029 0.012805 0.835704
1666059864.050188 -4.137178 1.094494 -20.806922 -0.006032 0.620303 0.013066 0.784230
1666059864.550155 -4.353823 1.098089 -20.848939 -0.016961 0.678555 0.015636 0.734187
1666059865.050133 -4.595159 1.107311 -20.838326 -0.032741 0.746412 0.012348 0.664563
1666059865.550129 -4.877662 1.091008 -20.810648 -0.032158 0.807291 0.008840 0.589211
1666059866.050129 -5.192577 1.056125 -20.729722 -0.035246 0.836392 0.009071 0.546923
1666059866.550129 -5.551417 1.061955 -20.559677 -0.035316 0.834481 0.004311 0.549887
1666059867.050129 -5.973711 1.054838 -20.371520 -0.028042 0.834368 -0.007818 0.550439
1666059867.550129 -6.400325 0.978205 -20.159528 -0.030861 0.832585 -0.004260 0.553021
1666059868.050129 -6.877830 0.964667 -20.000951 -0.028493 0.827880 -0.004589 0.560162
1666059868.550129 -7.297450 0.921896 -19.822835 -0.032747 0.824205 0.005010 0.565322
1666059869.050129 -7.673697 0.957182 -19.654295 -0.029719 0.815660 -0.000173 0.577767
1666059869.550129 -8.088765 0.937356 -19.474270 -0.033437 0.812983 -0.000943 0.581326
1666059870.050129 -8.568180 0.878272 -19.271174 -0.031864 0.810642 -0.007193 0.584630
1666059870.550129 -9.033317 0.870681 -19.111777 -0.029780 0.808347 -0.010009 0.587867
1666059871.050129 -9.414258 0.875690 -18.970371 -0.025106 0.807270 -0.014897 0.589459
1666059871.550129 -9.921707 0.890096 -18.792752 -0.024708 0.808117 -0.014734 0.588319
1666059872.050129 -10.313934 0.873892 -18.636509 -0.025381 0.807118 -0.012967 0.589702
1666059872.550129 -10.723434 0.856221 -18.480384 -0.024370 0.807691 -0.017157 0.588852
1666059873.050119 -11.181404 0.856699 -18.337407 -0.029982 0.805231 -0.012176 0.592078
1666059873.550102 -11.600951 0.820435 -18.202605 -0.030875 0.801394 -0.007753 0.597289
1666059874.050094 -12.025774 0.796662 -18.040012 -0.025305 0.799862 -0.012754 0.599515
1666059874.550086 -12.487807 0.779259 -17.924614 -0.025848 0.798978 -0.009049 0.600737
1666059875.050081 -12.918331 0.818944 -17.770105 -0.028341 0.800089 -0.005766 0.599184
1666059875.550081 -13.405461 0.803623 -17.551540 -0.029866 0.802932 -0.006889 0.595282
1666059876.050081 -13.824846 0.780582 -17.395022 -0.032483 0.805451 -0.006062 0.591740
1666059876.550081 -14.199149 0.800377 -17.180430 -0.028625 0.815692 -0.008545 0.577715
1666059877.050081 -14.543649 0.779218 -17.070381 -0.030791 0.840115 -0.004850 0.541512
1666059877.550081 -14.877240 0.740793 -16.870890 -0.030157 0.871357 -0.010115 0.489617
1666059878.050081 -15.253123 0.741782 -16.605167 -0.028878 0.888067 -0.012154 0.458645
1666059878.550081 -15.625136 0.730111 -16.282395 -0.025877 0.893740 -0.016634 0.447529
1666059879.050081 -15.952955 0.724166 -16.028088 -0.031108 0.896295 -0.019322 0.441943
1666059879.550081 -16.217288 0.758210 -15.796955 -0.029421 0.911552 -0.021793 0.409552
1666059880.050081 -16.469369 0.784883 -15.535434 -0.028806 0.925723 -0.023353 0.376380
1666059880.550081 -16.719909 0.738940 -15.211810 -0.029723 0.939625 -0.018108 0.340430
1666059881.050081 -17.061297 0.661021 -14.809911 -0.029470 0.948835 -0.016924 0.313938
1666059881.550081 -17.332816 0.581360 -14.326387 -0.028344 0.954924 -0.008257 0.295378
1666059882.050094 -17.544872 0.575987 -13.948138 -0.022835 0.969301 -0.010204 0.244602
1666059882.550107 -17.805171 0.508485 -13.504716 -0.022901 0.972166 -0.008783 0.233005
1666059883.050113 -18.004610 0.499616 -13.054783 -0.025494 0.972238 -0.004885 0.232549
1666059883.550118 -18.233060 0.494848 -12.562007 -0.025454 0.972527 -0.006730 0.231297
1666059884.050120 -18.516862 0.474534 -12.066516 -0.028444 0.971930 -0.006753 0.233447
1666059884.550120 -18.773553 0.475418 -11.552650 -0.030256 0.972081 -0.004034 0.232650
1666059885.050120 -19.023450 0.445613 -11.030508 -0.030381 0.972332 -0.004166 0.231580
1666059885.550120 -19.243256 0.399052 -10.532934 -0.031240 0.973030 0.003594 0.228524
1666059886.050120 -19.461157 0.343348 -10.004943 -0.032050 0.975073 0.006667 0.219456
1666059886.550120 -19.612688 0.331129 -9.619575 -0.033457 0.983998 0.004761 0.174948
1666059887.050152 -19.662627 0.311224 -9.191249 -0.035428 0.987138 0.001750 0.155885
1666059887.550158 -19.796198 0.327106 -8.752277 -0.033191 0.988359 0.003151 0.148443
1666059888.050154 -19.899022 0.342424 -8.286003 -0.035915 0.989486 0.002943 0.140066
1666059888.550163 -20.014272 0.338409 -7.856813 -0.034037 0.992724 -0.000428 0.115496
1666059889.050166 -20.088838 0.302166 -7.399006 -0.036559 0.996138 0.002539 0.079787
1666059889.550215 -20.200054 0.237144 -6.946739 -0.040564 0.996875 0.005588 0.067551
1666059890.050238 -20.367356 0.203306 -6.458036 -0.042299 0.997111 0.008555 0.062512
1666059890.550249 -20.412592 0.185933 -6.006159 -0.045646 0.997800 0.003075 0.047989
1666059891.050242 -20.532597 0.156686 -5.558313 -0.044652 0.998089 0.001410 0.042682
1666059891.550242 -20.544863 0.127843 -5.119198 -0.042964 0.998414 0.000134 0.036379
1666059892.050242 -20.652884 0.086214 -4.614734 -0.042593 0.998508 0.001733 0.034113
1666059892.550242 -20.684711 0.093061 -4.135673 -0.041174 0.998732 -0.001676 0.028931
1666059893.050242 -20.751280 0.083187 -3.627633 -0.041823 0.998793 -0.002656 0.025629
1666059893.550281 -20.815941 0.109192 -3.125994 -0.039629 0.998961 -0.003925 0.022169
1666059894.050343 -20.782475 0.107010 -2.667451 -0.039879 0.999161 -0.002203 0.009037
1666059894.550367 -20.841219 0.137616 -2.187689 -0.040467 0.998889 -0.004685 -0.023709
1666059895.050370 -20.850432 0.132836 -1.663383 -0.041346 0.998557 -0.004778 -0.033926
1666059895.550362 -20.829047 0.132780 -1.142035 -0.042895 0.997408 -0.002302 -0.057723
1666059896.050362 -20.765441 0.104319 -0.601300 -0.038403 0.995546 -0.003620 -0.086027
1666059896.550362 -20.702794 0.115894 -0.122514 -0.036398 0.994677 -0.002686 -0.096363
1666059897.050344 -20.556876 0.095631 0.418891 -0.035648 0.993317 -0.005974 -0.109615
1666059897.550263 -20.423467 0.085430 0.927607 -0.033359 0.989398 -0.004345 -0.141277
1666059898.050213 -20.219257 0.059437 1.438697 -0.035017 0.976845 -0.014822 -0.210543
1666059898.550195 -19.982173 0.051013 1.871576 -0.028914 0.964339 0.007245 -0.262986
1666059899.050204 -19.772699 0.024828 2.273592 -0.016382 0.950779 0.012986 -0.309165
1666059899.550204 -19.455229 0.009421 2.611439 -0.019005 0.921015 0.013834 -0.388817
1666059900.050204 -19.188288 -0.014076 2.882886 -0.014442 0.885728 0.013189 -0.463793
1666059900.550204 -18.962287 -0.021624 3.042948 0.012755 -0.837754 -0.016574 0.545647
1666059901.050204 -18.697235 -0.021762 3.097509 0.019742 -0.755053 -0.010859 0.655277
1666059901.550204 -18.463346 -0.024807 3.139294 0.013362 -0.691865 -0.014258 0.721762
1666059902.050204 -18.132905 -0.020909 3.093256 0.018813 -0.636991 -0.013321 0.770527
1666059902.550204 -17.839711 -0.015382 3.031602 0.015838 -0.620725 -0.009656 0.783809
1666059903.050204 -17.485842 -0.015313 2.929661 0.018511 -0.601168 -0.012405 0.798812
1666059903.550204 -17.129446 0.013314 2.834103 0.016871 -0.590838 -0.007934 0.806575
1666059904.050204 -16.758359 0.026618 2.716916 0.016507 -0.585135 -0.007308 0.810735
1666059904.550204 -16.350709 0.015314 2.546898 0.014094 -0.576766 -0.009595 0.816731
1666059905.050204 -15.929506 0.008004 2.393870 0.016886 -0.574116 -0.009250 0.818547
1666059905.550204 -15.514618 0.038795 2.266675 0.017258 -0.572141 -0.009897 0.819914
1666059906.050204 -15.024708 0.064699 2.130413 0.016394 -0.578513 -0.009151 0.815457
1666059906.550204 -14.591993 0.081050 1.988338 0.012864 -0.585246 -0.008957 0.810705
1666059907.050204 -14.078642 0.073332 1.861357 0.015418 -0.603741 -0.008192 0.796989
1666059907.550204 -13.595283 0.093574 1.763912 0.015911 -0.608334 -0.009022 0.793471
1666059908.050204 -13.116382 0.126278 1.645777 0.013838 -0.610965 -0.007366 0.791502
1666059908.550204 -12.612080 0.124474 1.536939 0.011454 -0.612489 -0.007822 0.790357
1666059909.050204 -12.032102 0.112083 1.403073 0.015138 -0.614257 -0.007112 0.788929
1666059909.550204 -11.503105 0.105263 1.267767 0.012468 -0.615165 -0.007920 0.788260
1666059910.050204 -11.077653 0.044150 1.112086 0.008059 -0.614680 -0.009492 0.788678
1666059910.550204 -10.623836 0.009115 0.999407 0.007102 -0.614226 -0.011345 0.789017
1666059911.050204 -10.193585 -0.035306 0.911277 0.005755 -0.615048 -0.012272 0.788373
1666059911.550204 -9.698007 -0.050941 0.794552 0.004709 -0.613780 -0.012492 0.789364
1666059912.050249 -9.225891 -0.107468 0.702606 0.000699 -0.614102 -0.015936 0.789066
1666059912.550257 -8.729842 -0.155584 0.605303 0.000616 -0.613116 -0.016215 0.789826
1666059913.050264 -8.178601 -0.156670 0.469972 -0.000545 -0.614582 -0.015222 0.788706
1666059913.550258 -7.621667 -0.187292 0.322913 -0.001075 -0.628331 -0.013221 0.777833
1666059914.050258 -7.076729 -0.181725 0.203351 0.000964 -0.635755 -0.013942 0.771764
1666059914.550258 -6.515863 -0.212700 0.092935 -0.002052 -0.637724 -0.015552 0.770105
1666059915.050217 -5.976871 -0.257023 0.044146 -0.002425 -0.639542 -0.014823 0.768610
1666059915.550192 -5.416395 -0.279543 -0.051591 -0.005125 -0.641138 -0.015857 0.767245
1666059916.050184 -4.986643 -0.306576 -0.117612 -0.003605 -0.642746 -0.014325 0.765937
1666059916.550173 -4.467204 -0.314071 -0.195439 -0.003899 -0.643026 -0.015289 0.765682
1666059917.050168 -3.867668 -0.343403 -0.269313 -0.005051 -0.644929 -0.014461 0.764089
1666059917.550168 -3.289074 -0.363722 -0.379097 -0.006421 -0.644186 -0.015484 0.764686
1666059918.050168 -2.746986 -0.398707 -0.466920 -0.006745 -0.643916 -0.016989 0.764878
1666059918.550168 -2.190543 -0.400125 -0.535707 -0.007116 -0.644055 -0.016484 0.764769
1666059919.050168 -1.726709 -0.422517 -0.592042 -0.008783 -0.643906 -0.017257 0.764860
1666059919.550168 -1.267239 -0.447032 -0.646011 -0.007754 -0.643426 -0.016922 0.765282
1666059920.050168 -0.670778 -0.465259 -0.736017 -0.007019 -0.642666 -0.017042 0.765925
1666059920.550168 -0.097801 -0.474109 -0.838303 -0.009619 -0.640904 -0.012548 0.767458
1666059921.050150 0.455279 -0.520746 -0.943475 -0.012799 -0.638397 -0.016371 0.769427
1666059921.550115 1.067098 -0.568339 -1.053038 -0.011443 -0.616728 -0.015253 0.786946
1666059922.050101 1.513659 -0.578915 -1.171022 -0.013419 -0.544740 -0.020934 0.838236
1666059922.550104 1.920006 -0.608899 -1.383840 -0.013601 -0.479718 -0.024174 0.876984
1666059923.050116 2.217081 -0.639181 -1.624490 -0.014859 -0.400394 -0.028015 0.915794
1666059923.550158 2.404053 -0.654249 -1.804346 -0.011906 -0.338648 -0.031537 0.940309
1666059924.050186 2.644027 -0.680824 -2.044674 -0.014835 -0.305847 -0.028696 0.951532
1666059924.550200 2.769466 -0.692168 -2.281571 -0.008954 -0.202588 -0.030969 0.978733
1666059925.050200 2.846289 -0.679207 -2.390489 -0.006896 -0.088289 -0.032497 0.995541
1666059925.550200 2.900334 -0.683071 -2.750629 0.008489 -0.066523 -0.031130 0.997263
1666059926.050200 2.928032 -0.655588 -3.005422 0.004851 0.017530 -0.037389 0.999135
1666059926.550200 2.924695 -0.650921 -3.300840 -0.016210 0.041502 -0.034502 0.998411
1666059927.050245 2.914224 -0.664085 -3.607003 -0.006224 0.076060 -0.027547 0.996703
1666059927.550282 2.840845 -0.646357 -3.954775 -0.001016 0.083458 -0.027561 0.996130
1666059928.050329 2.747179 -0.662083 -4.283318 0.003358 0.091717 -0.029649 0.995338
1666059928.550355 2.694137 -0.627596 -4.568810 0.013538 0.099821 -0.029727 0.994469
1666059929.050356 2.667889 -0.620948 -4.681456 0.012721 0.102709 -0.029191 0.994202
1666059929.550356 2.663960 -0.620682 -4.700095 0.012424 0.102367 -0.029413 0.994234
1666059930.050356 2.662580 -0.622322 -4.730980 0.012534 0.101707 -0.029081 0.994310
1666059930.550356 2.658286 -0.623049 -4.755880 0.012642 0.101476 -0.029110 0.994332
1666059931.050356 2.656368 -0.623221 -4.781939 0.012869 0.100870 -0.029031 0.994393
1666059931.550356 2.655529 -0.628095 -4.814866 0.012582 0.100211 -0.028750 0.994471
1666059932.050356 2.654015 -0.626548 -4.840313 0.012935 0.099675 -0.028567 0.994526
1666059932.550356 2.649334 -0.629925 -4.873399 0.012786 0.099179 -0.028620 0.994576
