1666066367.826082 0.077485 -0.341523 -0.936674 -0.000000 -0.000000 0.000000 1.000000
1666066368.826132 -0.026972 -0.362724 -1.930977 -0.005900 -0.001075 -0.002104 0.999980
1666066369.826132 -0.027463 -0.368314 -2.930962 -0.003303 -0.001190 -0.005522 0.999979
1666066370.826132 0.112907 -0.352426 -3.920933 0.001490 -0.109092 -0.003489 0.994024
1666066371.826132 0.360169 -0.347133 -4.889868 -0.005942 -0.158225 -0.002278 0.987383
1666066372.826132 0.761828 -0.369049 -5.805395 -0.013145 -0.272757 0.001346 0.961992
1666066373.826132 1.366017 -0.381388 -6.602140 -0.017182 -0.394600 0.001991 0.918690
1666066374.826132 2.157906 -0.393606 -7.212683 -0.013202 -0.502998 0.009072 0.864139
1666066375.826132 3.056985 -0.418852 -7.649739 -0.012496 -0.610789 0.015871 0.791536
1666066376.826132 4.023993 -0.407635 -7.904240 -0.009913 -0.616799 0.016321 0.786889
1666066377.826132 4.993379 -0.386495 -8.148871 -0.006616 -0.609831 0.020645 0.792235
1666066378.826132 5.940695 -0.353776 -8.467495 -0.013921 -0.504130 0.026178 0.863119
1666066379.826132 6.757554 -0.365730 -9.044209 -0.017800 -0.368499 0.014148 0.929350
1666066380.826132 7.395096 -0.405388 -9.813603 -0.025349 -0.242937 0.004115 0.969702
1666066381.826132 7.830028 -0.437728 -10.713485 -0.021997 -0.154376 0.001781 0.987766
1666066382.826132 8.208105 -0.540277 -11.633562 -0.019486 -0.121254 0.001325 0.992429
1666066383.826132 8.415592 -0.584103 -12.610817 -0.019433 -0.065750 0.000943 0.997646
1666066384.826132 8.526393 -0.663890 -13.601452 -0.025759 -0.008035 -0.001694 0.999634
1666066385.825918 8.445423 -0.690081 -14.597825 -0.025803 0.104390 0.001939 0.994200
1666066386.825875 8.216144 -0.727044 -15.570483 -0.017562 0.127815 0.000029 0.991643
1666066387.825882 7.943025 -0.747247 -16.532252 -0.014916 0.167703 0.003348 0.985719
1666066388.825882 7.585290 -0.787510 -17.465206 -0.016340 0.191311 -0.006523 0.981372
1666066389.825882 7.179171 -0.779304 -18.378990 -0.015393 0.202337 -0.011064 0.979133
1666066390.825882 6.765807 -0.805179 -19.289188 -0.013048 0.224938 -0.009879 0.974236
1666066391.825882 6.325321 -0.803430 -20.186945 -0.014130 0.225876 -0.008877 0.974013
1666066392.825882 5.864128 -0.801953 -21.074244 -0.014105 0.228971 -0.004479 0.973321
1666066393.825882 5.395657 -0.817206 -21.957591 -0.013027 0.244956 -0.005158 0.969433
1666066394.826085 4.854448 -0.825268 -22.798441 -0.010004 0.311404 -0.004917 0.950212
1666066395.826333 4.133424 -0.828106 -23.491345 0.003550 0.430029 -0.011397 0.902736
1666066396.826417 3.349069 -0.806317 -24.111275 0.010794 0.466739 -0.010931 0.884262
1666066397.826417 2.507296 -0.897987 -24.643266 -0.069406 0.472529 0.025697 0.878202
1666066398.826878 1.662868 -1.010837 -25.166914 -0.070777 0.495096 0.014755 0.865825
1666066399.827425 0.806231 -1.088793 -25.676910 -0.005227 0.513850 -0.011040 0.857793
1666066400.827500 -0.109780 -1.072613 -26.077736 0.028818 0.556245 -0.029438 0.829997
1666066401.827166 -1.052831 -1.044251 -26.409171 -0.032276 0.616516 0.020311 0.786419
1666066402.827057 -2.039065 -1.117191 -26.557569 -0.024886 0.692254 0.001286 0.721223
1666066403.827180 -3.031939 -1.131396 -26.439247 -0.030314 0.791151 -0.009854 0.610790
1666066404.827500 -3.948754 -1.121377 -26.040061 -0.020926 0.886731 -0.009527 0.461713
1666066405.827500 -4.687031 -1.116565 -25.365580 -0.019525 0.940369 -0.013278 0.339335
1666066406.827500 -5.303742 -1.102271 -24.578520 -0.029296 0.964154 -0.007943 0.263602
1666066407.827500 -5.749124 -1.092897 -23.683229 -0.022159 0.974277 -0.020196 0.223352
1666066408.827100 -6.136905 -1.063736 -22.761939 -0.036689 0.982630 -0.018504 0.180969
1666066409.826795 -6.491978 -1.045638 -21.827275 -0.043061 0.985234 -0.029972 0.162977
1666066410.826676 -6.798306 -1.003356 -20.876289 -0.045139 0.987074 -0.026606 0.151458
1666066411.826676 -7.094091 -0.959529 -19.922040 -0.030465 0.989478 -0.021337 0.139822
1666066412.826383 -7.391829 -0.924973 -18.968018 -0.021762 0.986193 -0.021776 0.162713
1666066413.826282 -7.769278 -0.899553 -18.042337 -0.009198 0.980428 0.000043 0.196664
1666066414.826319 -8.176557 -0.871216 -17.129473 -0.024011 0.971798 -0.037448 0.231580
1666066415.826319 -8.651742 -0.787056 -16.253621 -0.001489 0.971823 -0.050646 0.230201
1666066416.826319 -9.120618 -0.682647 -15.376549 -0.018253 0.963511 -0.038306 0.264284
1666066417.825963 -9.626599 -0.606390 -14.517382 -0.022720 0.965082 -0.030453 0.259178
1666066418.825819 -10.150969 -0.549125 -13.667820 -0.012734 0.964352 -0.040661 0.261170
1666066419.825808 -10.668040 -0.468456 -12.815687 -0.021215 0.954451 -0.035052 0.295541
1666066420.825808 -11.245015 -0.417153 -12.000538 -0.015122 0.952486 -0.026758 0.303029
1666066421.825808 -11.841915 -0.379634 -11.199100 -0.008728 0.946816 -0.023895 0.320770
1666066422.825808 -12.448424 -0.327242 -10.405751 -0.015427 0.944756 -0.026702 0.326320
1666066423.825808 -13.082146 -0.283603 -9.633423 -0.006258 0.940171 -0.026774 0.339593
1666066424.825652 -13.718468 -0.221817 -8.864477 -0.010064 0.940623 -0.025205 0.338366
1666066425.825619 -14.356755 -0.187731 -8.095434 -0.009622 0.941533 -0.014479 0.336472
1666066426.825618 -15.010070 -0.165009 -7.338689 -0.004566 0.938530 -0.021979 0.344467
1666066427.825618 -15.714287 -0.141419 -6.629096 -0.006026 0.920607 -0.012928 0.390230
1666066428.825618 -16.409978 -0.114044 -5.911276 0.000623 0.931113 -0.027639 0.363682
1666066429.825618 -17.089965 -0.040849 -5.181715 0.000957 0.940605 -0.021681 0.338808
1666066430.825618 -17.762664 0.009760 -4.443532 -0.004321 0.931076 -0.027730 0.363743
1666066431.825618 -18.604463 0.055784 -3.905705 -0.011635 0.816522 -0.026948 0.576568
1666066432.825618 -19.596140 0.062638 -3.777142 -0.016914 0.701110 -0.000001 0.712853
1666066433.825618 -20.592896 0.075149 -3.697640 -0.009324 0.736398 -0.009326 0.676420
1666066434.825618 -21.581246 0.092208 -3.546399 -0.015050 0.868944 0.002609 0.494675
1666066435.825618 -22.414207 0.091733 -2.993067 -0.029156 0.871615 -0.032102 0.488269
1666066436.825618 -23.310375 0.105216 -2.549558 -0.036330 0.770761 -0.024465 0.635617
1666066437.825618 -24.306223 0.086338 -2.460503 -0.032885 0.622213 -0.022621 0.781830
1666066438.825618 -25.285439 0.080386 -2.663236 -0.024360 0.624546 -0.039155 0.779625
1666066439.825618 -26.265446 0.101759 -2.861049 -0.025364 0.660238 -0.036873 0.749722
1666066440.825618 -27.254802 0.108348 -3.006412 -0.027095 0.670887 -0.034089 0.740280
1666066441.825758 -28.246798 0.111150 -3.132654 -0.025016 0.671564 -0.032357 0.739816
1666066442.825776 -29.243951 0.091151 -3.205364 -0.020820 0.673182 -0.037060 0.738254
1666066443.825773 -30.234929 0.131036 -3.333316 0.000273 0.672785 -0.049394 0.738187
1666066444.825773 -31.233842 0.089534 -3.354498 -0.065968 0.681955 0.013577 0.728287
1666066445.825773 -32.228761 -0.010584 -3.365142 -0.055231 0.765687 -0.012182 0.640722
1666066446.825640 -33.152006 -0.020097 -2.981048 -0.049955 0.871612 -0.035779 0.486330
1666066447.825542 -33.916168 0.026217 -2.337688 -0.041431 0.964198 -0.045837 0.257886
1666066448.825518 -34.391788 0.108300 -1.461876 -0.036783 0.982332 -0.049401 0.176721
1666066449.825518 -34.627378 0.200181 -0.494376 -0.031097 0.997798 -0.050168 0.030246
1666066450.825518 -34.676863 0.308236 0.498536 -0.031350 0.997964 -0.052641 0.017719
1666066451.825518 -34.709801 0.420597 1.491658 -0.032765 0.998105 -0.051540 0.007485
1666066452.825518 -34.710196 0.556336 2.482402 -0.031543 0.998035 -0.052432 0.013514
1666066453.825518 -34.734431 0.668681 3.475776 -0.034917 0.997502 -0.053293 0.030491
1666066454.825518 -34.807488 0.790814 4.465597 -0.034154 0.997026 -0.053019 0.044291
1666066455.825518 -34.916897 0.893151 5.454312 -0.036023 0.996426 -0.056412 0.051526
1666066456.825518 -35.005520 1.005228 6.444052 -0.036346 0.996324 -0.059277 0.050035
1666066457.825518 -35.127408 1.125005 7.429342 -0.036489 0.995935 -0.056215 0.060180
1666066458.825518 -35.220239 1.247564 8.417452 -0.034819 0.996118 -0.055990 0.058323
1666066459.825518 -35.315116 1.360192 9.406549 -0.035960 0.996713 -0.051705 0.050960
1666066460.825518 -35.443588 1.473070 10.391817 -0.039132 0.996553 -0.055387 0.047779
1666066461.825518 -35.515083 1.588742 11.382529 -0.037581 0.996971 -0.055178 0.039889
1666066462.825518 -35.601162 1.696585 12.372963 -0.035530 0.997596 -0.048513 0.034450
1666066463.825518 -35.689361 1.806994 13.362928 -0.034077 0.997438 -0.055806 0.029013
1666066464.825518 -35.742426 1.926593 14.354331 -0.029246 0.997677 -0.058923 0.017718
1666066465.825518 -35.674384 2.073644 15.341117 -0.014393 0.993131 -0.058857 -0.100093
1666066466.825635 -35.428426 2.202214 16.301832 -0.006903 0.977258 -0.061218 -0.202908
1666066467.825781 -34.965826 2.333266 17.178660 0.007250 0.949683 -0.065002 -0.306308
1666066468.825851 -34.353705 2.442782 17.961804 0.007626 0.933692 -0.054700 -0.353792
1666066469.825851 -33.639067 2.531744 18.655618 0.006059 0.900333 -0.046653 -0.432652
1666066470.826305 -32.847914 2.615197 19.261517 0.013841 0.883863 -0.051572 -0.464688
1666066471.826855 -31.989520 2.713134 19.765072 -0.021162 -0.847452 0.051256 0.527967
1666066472.826910 -31.057542 2.784633 20.120465 -0.022861 -0.807722 0.048919 0.587086
1666066473.826910 -30.088344 2.831856 20.362180 -0.028854 -0.748462 0.045548 0.660982
1666066474.826910 -29.095513 2.875149 20.473584 -0.024174 -0.738036 0.042704 0.672974
1666066475.826910 -28.100308 2.907867 20.565765 -0.028443 -0.734799 0.039197 0.676554
1666066476.826910 -27.103482 2.939222 20.638938 -0.024433 -0.732441 0.038838 0.679283
1666066477.826910 -26.106619 2.981245 20.706011 -0.025494 -0.730030 0.038238 0.681868
1666066478.826910 -25.108440 3.008231 20.759966 -0.025212 -0.725703 0.037820 0.686505
1666066479.826910 -24.109541 3.028917 20.802055 -0.024510 -0.722802 0.035671 0.689699
1666066480.826910 -23.110540 3.048578 20.842191 -0.020501 -0.721410 0.033209 0.691407
1666066481.826910 -22.111862 3.079793 20.883036 -0.023866 -0.718743 0.034652 0.694001
1666066482.826910 -21.113132 3.117119 20.916882 -0.019165 -0.715849 0.040259 0.696830
1666066483.826768 -20.114330 3.159836 20.940744 -0.023914 -0.712869 0.039309 0.699787
1666066484.826185 -19.115099 3.196475 20.954705 -0.025703 -0.709726 0.040232 0.702858
1666066485.825904 -18.116199 3.227615 20.989766 -0.028797 -0.708305 0.045052 0.703879
1666066486.825543 -17.116591 3.253988 20.999168 -0.028453 -0.707944 0.040144 0.704552
1666066487.825310 -16.117115 3.282981 20.984786 -0.029418 -0.707106 0.039577 0.705386
1666066488.825254 -15.117398 3.306309 20.980160 -0.032889 -0.704929 0.039593 0.707408
1666066489.825179 -14.117502 3.315362 20.968902 -0.031276 -0.703053 0.038153 0.709424
1666066490.825174 -13.117667 3.319053 20.951140 -0.029197 -0.700819 0.033238 0.711966
1666066491.825200 -12.118142 3.345307 20.934982 -0.028480 -0.697956 0.034712 0.714732
1666066492.825283 -11.118741 3.361166 20.904210 -0.029364 -0.693286 0.037516 0.719086
1666066493.825315 -10.120313 3.381049 20.851821 -0.032114 -0.685013 0.036608 0.726901
1666066494.825315 -9.124405 3.397647 20.762976 -0.035284 -0.656854 0.037064 0.752279
1666066495.825315 -8.146398 3.401305 20.554437 -0.041569 -0.604830 0.037115 0.794402
1666066496.825315 -7.236503 3.371274 20.140688 -0.048853 -0.503920 0.032060 0.861771
1666066497.825315 -6.427458 3.312892 19.555847 -0.046948 -0.391039 0.035942 0.918473
1666066498.825315 -5.775951 3.265454 18.798690 -0.065586 -0.250063 0.006987 0.965980
1666066499.825315 -4.952520 3.164066 18.240404 -0.082858 -0.106197 -0.003874 0.990879
1666066500.825315 -4.718947 3.001206 17.281801 -0.088000 -0.023853 -0.009698 0.995788
1666066501.825315 -4.697974 2.850048 16.293514 -0.064387 -0.025007 -0.021031 0.997390
1666066502.825315 -4.679283 2.733532 15.300501 -0.059502 -0.009082 -0.022383 0.997936
1666066503.825315 -4.673280 2.619561 14.307035 -0.058016 0.006164 -0.022429 0.998045
1666066504.825269 -4.689281 2.523558 13.311782 -0.058079 0.013403 -0.024300 0.997926
1666066505.825245 -4.706219 2.417415 12.317576 -0.062471 0.011708 -0.022870 0.997716
1666066506.825248 -4.713528 2.304321 11.324018 -0.054888 0.013050 -0.016431 0.998272
1666066507.825248 -4.753886 2.212007 10.329107 -0.054999 0.015506 -0.020561 0.998154
1666066508.825248 -4.784716 2.116456 9.334160 -0.053842 0.019152 -0.015998 0.998238
1666066509.825248 -4.831348 2.017168 8.340194 -0.055045 0.019531 -0.020422 0.998084
1666066510.825248 -4.859654 1.913407 7.345995 -0.056213 0.016172 -0.017768 0.998130
1666066511.825248 -4.908086 1.811416 6.352389 -0.058567 0.014115 -0.020601 0.997971
1666066512.825248 -4.937372 1.703315 5.358681 -0.057637 0.015484 -0.018344 0.998049
1666066513.825248 -4.983895 1.602794 4.364834 -0.056712 0.012800 -0.022943 0.998045
1666066514.825248 -4.997799 1.508779 3.369360 -0.050756 0.012339 -0.018597 0.998462
1666066515.825248 -4.989015 1.423746 2.373021 -0.047784 0.004844 -0.018856 0.998668
1666066516.825248 -5.015450 1.341941 1.376723 -0.048007 0.006336 -0.019651 0.998634
1666066517.825248 -5.026712 1.257655 0.380345 -0.047790 0.006335 -0.017894 0.998677
1666066518.825248 -5.039245 1.171679 -0.615873 -0.048741 0.008824 -0.015198 0.998657
1666066519.825346 -5.072905 1.079409 -1.611038 -0.044853 0.012821 -0.016041 0.998783
1666066520.825445 -5.106810 0.999961 -2.607300 -0.049127 0.016748 -0.012867 0.998569
1666066521.825479 -5.143214 0.908196 -3.602415 -0.044904 0.020551 -0.013723 0.998686
1666066522.825479 -5.175227 0.835550 -4.599259 -0.045895 0.024668 -0.012936 0.998558
1666066523.825552 -5.233705 0.743176 -5.593265 -0.045545 0.026830 -0.013362 0.998513
1666066524.825620 -5.247170 0.917032 -4.608586 -0.046216 0.026975 -0.013051 0.998482
1666066525.825626 -5.366023 1.016896 -5.596463 -0.046037 0.026949 -0.013243 0.998488
