1664954577.652127 0.488147 0.375909 -0.787658 -0.000005 0.000005 0.000029 1.000000
1664954578.152127 -0.068761 0.714861 -0.029393 -0.000005 0.000005 0.000029 1.000000
1664954578.652127 0.683919 0.761304 0.627353 0.752678 0.046418 0.656750 -0.000016
1664954579.152127 1.639735 0.669764 0.348005 0.752678 0.046418 0.656750 -0.000016
1664954579.652127 2.116279 0.865592 1.205068 0.752678 0.046418 0.656750 -0.000016
1664954580.152127 2.249315 0.935446 2.193714 0.000017 -0.656760 0.046418 0.752670
1664954580.652127 1.275132 0.887919 2.414416 -0.002837 -0.658039 0.043813 0.751703
1664954581.152127 2.256707 0.927271 2.227431 0.000428 -0.654920 0.045783 0.754310
1664954581.652127 3.240094 1.041049 2.085997 -0.003081 -0.657036 0.041652 0.752701
1664954582.152127 4.230579 1.072742 1.952071 -0.003981 -0.656352 0.044010 0.753160
1664954582.652127 5.218603 1.104009 1.800977 -0.005701 -0.656383 0.042237 0.753223
1664954583.152127 6.210256 1.156491 1.683204 -0.006263 -0.655030 0.044933 0.754240
1664954583.652127 7.201066 1.208089 1.558168 -0.013468 -0.636838 0.042859 0.769688
1664954584.152127 8.173847 1.237044 1.328258 -0.007484 -0.622805 0.045093 0.781040
1664954584.652127 9.146023 1.295958 1.101535 -0.006474 -0.607113 0.041421 0.793509
1664954585.152127 10.102940 1.319539 0.812135 -0.015460 -0.578551 0.040456 0.814496
1664954585.652127 11.017899 1.351648 0.409865 -0.009960 -0.567575 0.037402 0.822411
1664954586.152127 11.959592 1.359131 0.073476 -0.013537 -0.561778 0.035698 0.826406
1664954586.652127 12.890896 1.385840 -0.289787 -0.012659 -0.564838 0.041412 0.824065
1664954587.152127 13.833051 1.421453 -0.623066 -0.010917 -0.602201 0.042156 0.797156
1664954587.652127 14.790763 1.481555 -0.904447 -0.009457 -0.612302 0.042666 0.789415
1664954588.152127 15.759433 1.502095 -1.151947 -0.014083 -0.617915 0.042191 0.784986
1664954588.652127 16.735099 1.549826 -1.365950 -0.012798 -0.621394 0.044636 0.782121
1664954589.152127 17.700585 1.575203 -1.625168 -0.014245 -0.625097 0.042828 0.779241
1664954589.652127 18.672808 1.572208 -1.859205 -0.010830 -0.635022 0.047484 0.770957
1664954590.152127 19.656853 1.623409 -2.029598 -0.013113 -0.646744 0.044025 0.761322
1664954590.652127 20.646893 1.669783 -2.162525 -0.014090 -0.666386 0.041161 0.744336
1664954591.152127 21.642239 1.722551 -2.243164 -0.011960 -0.688772 0.040764 0.723733
1664954591.652127 22.637455 1.781195 -2.321307 -0.004773 -0.701797 0.045635 0.710898
1664954592.152127 23.635810 1.833181 -2.345492 -0.003320 -0.729088 0.042578 0.683087
1664954592.652127 24.629094 1.895927 -2.248288 -0.004602 -0.749209 0.041115 0.661041
1664954593.152377 25.611530 1.975872 -2.079677 0.003054 -0.782726 0.044101 0.620795
1664954593.652500 26.566899 2.049010 -1.793461 0.006852 -0.819122 0.047934 0.571572
1664954594.152500 27.546385 2.134571 -1.611013 0.008569 -0.827946 0.045185 0.558919
1664954594.652500 28.493527 2.224523 -1.303069 0.008745 -0.834710 0.041010 0.549091
1664954595.152500 29.410300 2.311515 -0.913247 0.010149 -0.846759 0.041702 0.530242
1664954595.652500 30.281674 2.403949 -0.431415 -0.013504 0.882275 -0.042057 -0.468658
1664954596.152500 31.144214 2.533599 0.057682 -0.017234 0.915534 -0.038960 -0.399978
1664954596.652500 31.919517 2.640295 0.680194 -0.022366 0.938723 -0.036817 -0.341971
1664954597.152500 32.521514 2.749274 1.471221 -0.020249 0.956139 -0.034602 -0.290156
1664954597.652500 33.096064 2.804475 2.287827 -0.022091 0.969671 -0.032496 -0.241236
1664954598.152500 33.649677 2.889802 3.116218 -0.027476 0.979574 -0.034295 -0.196224
1664954598.652500 33.854235 3.057100 4.080670 -0.002939 0.982224 -0.015759 -0.187026
1664954599.152500 34.375606 3.494984 4.813083 -0.000677 0.980947 0.046722 -0.188571
1664954599.652500 34.684342 3.485017 5.764179 0.014441 0.975164 0.107452 -0.193136
1664954600.152500 34.689752 3.148459 6.705826 0.039603 0.966806 0.128258 -0.217410
1664954600.652500 35.171619 2.840728 7.526256 0.035918 0.963488 0.138829 -0.226113
1664954601.152500 35.801753 2.573081 8.255157 0.039550 0.975941 0.141963 -0.160693
1664954601.652500 36.283724 2.234559 9.063308 0.056788 0.981114 0.148192 -0.110588
1664954602.152500 36.690206 1.927302 9.923752 0.039181 0.979155 0.146832 -0.134765
1664954602.652500 36.298392 1.827640 10.838383 0.031650 0.968409 0.156930 -0.191194
1664954603.152500 36.396789 1.775996 11.832189 0.013854 0.956925 0.172106 -0.233412
1664954603.652500 37.055415 1.408391 12.488755 0.003854 0.959039 0.164396 -0.230659
1664954604.152500 36.342251 1.731645 11.866738 0.016793 0.952866 0.173522 -0.248304
1664954604.652500 36.882427 1.369050 12.626169 -0.009226 0.960087 0.142507 -0.240500
1664954605.152500 37.309685 1.137879 13.500246 -0.024917 0.971007 0.036149 -0.234985
1664954605.652500 37.810687 1.093511 14.364554 -0.045845 0.970708 0.027943 -0.234187
1664954606.152500 38.279691 1.044917 15.246412 -0.043998 0.967600 0.032356 -0.246510
1664954606.652500 38.816683 1.002913 16.088953 -0.045714 0.964061 0.039696 -0.258689
1664954607.152500 39.343872 0.933190 16.935836 -0.047495 0.959536 0.034600 -0.275385
1664954607.652500 39.690961 0.856604 17.870536 -0.042040 0.947847 0.039721 -0.313433
1664954608.152500 40.282464 0.805765 18.675234 -0.043029 0.944579 0.034048 -0.323665
1664954608.652500 40.876836 0.794110 19.479340 -0.040606 0.941411 0.033930 -0.333084
1664954609.152500 41.510485 0.776449 20.252759 -0.042543 0.938493 0.027864 -0.341532
1664954609.652500 42.153511 0.779121 21.018599 -0.043775 0.921894 0.029519 -0.383828
1664954610.152500 42.871542 0.773986 21.714591 -0.049713 0.918070 0.027603 -0.392318
1664954610.652500 43.570609 0.734066 22.428532 -0.044969 0.919182 0.034103 -0.389767
1664954611.152500 44.274981 0.674515 23.135861 -0.041173 0.920800 0.036601 -0.386125
1664954611.652500 44.996736 0.624115 23.826172 -0.044458 0.917997 0.028254 -0.393073
1664954612.152500 45.743671 0.613904 24.490991 -0.050856 0.909663 0.020702 -0.411702
1664954612.652500 46.479611 0.604518 25.167972 -0.055446 0.904251 0.010850 -0.423247
1664954613.152500 47.250836 0.638099 25.803648 -0.058999 0.900856 0.006377 -0.430044
1664954613.652500 48.026855 0.691621 26.432083 -0.065707 0.900172 -0.000750 -0.430548
1664954614.152500 48.802709 0.768699 27.058270 -0.071717 0.900169 -0.007009 -0.429539
1664954614.652500 49.574913 0.849431 27.688494 -0.077266 0.898990 -0.010705 -0.430967
1664954615.152500 50.369194 0.964150 28.285116 -0.078791 0.896982 -0.010320 -0.434867
1664954615.652500 51.138790 1.049396 28.917931 -0.080719 0.897316 -0.005556 -0.433909
1664954616.152500 51.912326 1.148422 29.543899 -0.087321 0.897431 -0.017028 -0.432090
1664954616.652500 52.696510 1.291380 30.147736 -0.089062 0.896098 -0.018326 -0.434442
1664954617.152500 53.459342 1.412827 30.782824 -0.090944 0.898418 -0.022790 -0.429016
1664954617.652500 54.235021 1.556420 31.397400 -0.094886 0.898936 -0.021990 -0.427116
1664954618.152500 54.958273 1.696062 32.073718 -0.096298 0.912236 -0.021438 -0.397609
1664954618.652500 55.677458 1.823365 32.756775 -0.098752 0.918750 -0.026415 -0.381377
1664954619.152500 56.369024 1.941858 33.469304 -0.102434 0.925027 -0.033136 -0.364327
1664954619.652500 57.055725 2.089810 34.181028 -0.105093 0.927740 -0.031675 -0.356721
1664954620.152500 57.704016 2.222193 34.930824 -0.108678 0.929015 -0.036970 -0.351787
1664954620.652500 58.345974 2.379052 35.681347 -0.115558 0.928224 -0.048354 -0.350298
1664954621.152060 58.963878 2.534229 36.452135 -0.113415 0.930228 -0.041463 -0.346545
1664954621.651932 59.642063 2.727497 37.161157 -0.118522 0.921800 -0.038675 -0.367071
1664954622.151934 60.352912 2.915949 37.838785 -0.110024 0.882163 -0.046096 -0.455585
1664954622.651821 61.125440 3.089064 38.449712 0.103338 -0.842554 0.059810 0.525211
1664954623.151812 62.023941 3.317336 38.824663 0.090178 -0.793134 0.078112 0.597248
1664954623.651812 62.947330 3.595898 39.088778 0.084020 -0.765735 0.078308 0.632818
1664954624.151604 63.896364 3.819164 39.311234 0.068376 -0.733307 0.078761 0.671850
1664954624.651381 64.869174 4.039141 39.383692 0.065569 -0.719913 0.076723 0.686688
1664954625.151251 65.848315 4.231299 39.449708 0.060489 -0.713516 0.077401 0.693719
1664954625.651170 66.823145 4.454038 39.459405 0.068526 -0.712451 0.080745 0.693684
1664954626.151160 67.795779 4.681241 39.508010 0.078850 -0.746118 0.079303 0.656354
1664954626.651160 68.763932 4.916789 39.592844 0.094648 -0.768366 0.078757 0.628055
1664954627.151160 69.695621 5.184065 39.838852 0.092388 -0.773738 0.084267 0.621042
1664954627.651160 70.633463 5.430400 40.083332 0.090213 -0.777271 0.084707 0.616877
1664954628.151160 71.578671 5.680585 40.293066 0.093219 -0.800746 0.074269 0.587027
1664954628.651160 72.504341 5.918420 40.587294 0.094453 -0.811569 0.068243 0.572518
1664954629.151160 73.428591 6.125306 40.908169 0.088801 -0.817297 0.057427 0.566429
1664954629.651296 74.346525 6.304003 41.262378 0.082321 -0.821525 0.053499 0.561657
1664954630.151508 75.230826 6.502055 41.685211 0.082661 -0.856715 0.043794 0.507236
1664954630.651553 76.082215 6.652551 42.187692 -0.082978 0.881894 -0.036747 -0.462631
1664954631.151608 76.886359 6.797355 42.764220 -0.084470 0.889044 -0.037843 -0.448368
1664954631.651653 77.667720 6.948448 43.369732 -0.084898 0.895626 -0.037212 -0.435043
1664954632.151653 78.455127 7.097419 43.967895 -0.091443 0.897771 -0.039063 -0.429092
1664954632.651653 79.170127 7.242896 44.651716 -0.092294 0.918086 -0.039738 -0.383432
1664954633.151653 79.850383 7.381040 45.371555 -0.090111 0.928591 -0.039260 -0.357852
1664954633.651653 80.509411 7.538002 46.107113 -0.093651 0.929826 -0.041145 -0.353497
1664954634.151653 81.195816 7.686983 46.818908 -0.098528 0.929207 -0.036204 -0.354339
1664954634.651653 81.861135 7.830580 47.551527 -0.102107 0.928914 -0.035903 -0.354124
1664954635.151653 82.541016 7.994686 48.266252 -0.107359 0.928462 -0.030391 -0.354272
1664954635.651653 83.044658 8.135734 49.118572 -0.088300 0.945296 -0.010912 -0.313846
1664954636.151653 83.628361 8.253519 49.921951 -0.075811 0.936387 0.048657 -0.339212
1664954636.651653 84.197228 8.254067 50.744380 -0.078803 0.942975 -0.013317 -0.323126
1664954637.151653 84.827673 8.339864 51.515858 -0.092514 0.943440 -0.022163 -0.317600
1664954637.651653 85.421180 8.456581 52.312179 -0.092641 0.949331 -0.014031 -0.299987
1664954638.151653 85.988779 8.558933 53.129097 -0.093099 0.952208 -0.015134 -0.290524
1664954638.651653 86.536076 8.631649 53.962871 -0.091139 0.954813 -0.012122 -0.282630
1664954639.151653 87.073949 8.708454 54.802390 -0.092329 0.956003 -0.013251 -0.278134
1664954639.651653 87.598605 8.793176 55.649479 -0.092158 0.956499 -0.013990 -0.276443
1664954640.151653 88.135077 8.870648 56.489833 -0.092049 0.956720 -0.012806 -0.275772
1664954640.651653 88.650362 8.944184 57.343691 -0.091492 0.958256 -0.013079 -0.270563
1664954641.151653 89.154103 9.031868 58.203084 -0.092150 0.960151 -0.017882 -0.263246
1664954641.651653 89.659163 9.107410 59.062856 -0.091042 0.960566 -0.015494 -0.262268
1664954642.151653 90.182606 9.207083 59.909067 -0.090843 0.959946 -0.012212 -0.264766
1664954642.651653 90.696996 9.285974 60.762987 -0.088037 0.958922 -0.011375 -0.269422
1664954643.151653 91.230346 9.353510 61.606181 -0.087218 0.958034 -0.008565 -0.272928
1664954643.651653 91.792540 9.409427 62.431294 -0.090377 0.956367 -0.012616 -0.277552
1664954644.151653 92.339108 9.399155 63.268646 -0.124752 0.946986 -0.128730 -0.266614
1664954644.651653 92.647682 10.131422 63.875744 -0.121255 0.951014 -0.098916 -0.266619
1664954645.151653 93.055559 10.577689 64.672288 -0.123091 0.949930 -0.103564 -0.267873
1664954645.651653 93.492194 11.000716 65.466264 -0.112769 0.953366 -0.072758 -0.270340
1664954646.151653 93.121868 10.838072 64.551712 -0.098167 0.956446 -0.000523 -0.274906
1664954646.651653 93.617614 10.892785 65.418454 -0.097579 0.956967 -0.008252 -0.273175
1664954647.151653 94.134373 10.984618 66.269645 -0.099294 0.962087 -0.010246 -0.253819
1664954647.651676 94.630434 11.067034 67.134013 -0.104866 0.965048 -0.013495 -0.239798
1664954648.152031 95.095115 11.143328 68.016198 -0.102122 0.968929 -0.009621 -0.225069
1664954648.652110 95.477745 11.199399 68.938397 -0.095738 0.971331 -0.011464 -0.217298
1664954649.152148 95.896830 11.258806 69.844398 -0.097803 0.971650 -0.017972 -0.214492
1664954649.652148 96.317110 11.340295 70.748126 -0.098907 0.971841 -0.017110 -0.213190
1664954650.152148 96.727109 11.408808 71.657635 -0.100567 0.971908 -0.009788 -0.212567
1664954650.652148 97.144917 11.465857 72.564378 -0.100982 0.971441 -0.013160 -0.214319
1664954651.152148 97.576859 11.565791 73.460726 -0.104746 0.971192 -0.011332 -0.213745
1664954651.652148 97.972784 11.643210 74.375739 -0.101177 0.970824 -0.011498 -0.217099
1664954652.151859 98.407996 11.719927 75.272792 -0.105401 0.969471 -0.018926 -0.220585
1664954652.651664 98.815582 11.811419 76.181364 -0.106637 0.968985 -0.026007 -0.221405
1664954653.151508 99.239414 11.919664 77.080614 -0.105757 0.968032 -0.029413 -0.225533
1664954653.651484 99.672589 12.009407 77.977445 -0.107217 0.967404 -0.029183 -0.227555
1664954654.151488 100.117063 12.151462 78.861901 -0.107959 0.966284 -0.026781 -0.232212
1664954654.651488 100.574309 12.266400 79.743783 -0.109461 0.965750 -0.016136 -0.234702
1664954655.151488 101.009482 12.356074 80.639653 -0.106748 0.968098 -0.010970 -0.226430
1664954655.651488 101.454058 12.422881 81.532899 -0.110468 0.970705 -0.005217 -0.213309
1664954656.151488 101.833111 12.461810 82.457455 -0.108066 0.974151 -0.005261 -0.198303
1664954656.651488 102.208740 12.500218 83.383429 -0.106146 0.977905 0.000705 -0.180096
1664954657.151488 102.582763 12.533877 84.310237 -0.104506 0.979192 0.010275 -0.173652
1664954657.651488 102.895699 12.565421 85.259488 -0.100535 0.982474 0.007974 -0.156759
1664954658.151488 103.247480 12.576653 86.195502 -0.103672 0.982940 0.012830 -0.151383
1664954658.651488 103.544734 12.584335 87.150270 -0.104378 0.983900 0.016392 -0.144141
1664954659.151488 103.849005 12.579209 88.102842 -0.108017 0.986060 0.025898 -0.123882
1664954659.651488 104.117275 12.549125 89.065715 -0.109919 0.986508 0.022172 -0.119285
1664954660.151761 104.340978 12.543786 90.040358 -0.108590 0.988043 0.017230 -0.108082
1664954660.651900 104.534002 12.515595 91.021147 -0.104827 0.993655 0.032484 -0.024621
1664954661.151926 104.577707 12.474026 92.019327 -0.103963 0.993926 0.034448 0.010739
1664954661.651932 104.567344 12.391645 93.015874 -0.100435 0.994160 0.035620 0.017055
1664954662.151929 104.547429 12.294918 94.010985 -0.098398 0.994382 0.036593 0.013544
1664954662.651929 104.485757 12.235336 95.007302 -0.094515 0.994775 0.034246 0.017793
1664954663.151929 104.406543 12.161093 96.001391 -0.088430 0.992746 0.041930 0.069844
1664954663.651780 104.242050 12.063065 96.982886 -0.087955 0.988889 0.039827 0.113028
1664954664.151712 104.052304 11.975848 97.960838 -0.088052 0.985956 0.044754 0.134664
1664954664.651757 103.807943 11.870456 98.924778 -0.088454 0.985651 0.040309 0.137998
1664954665.151779 103.555945 11.782875 99.888534 -0.093029 0.984911 0.042028 0.139747
1664954665.651783 103.302752 11.698142 100.852232 -0.093988 0.985145 0.035977 0.139142
1664954666.151783 103.023234 11.608402 101.808169 -0.093280 0.986120 0.041403 0.130964
1664954666.651783 102.748674 11.497190 102.763287 -0.088725 0.987426 0.039075 0.124861
1664954667.151783 102.476471 11.423922 103.722733 -0.088196 0.986919 0.037774 0.129562
1664954667.651783 102.209662 11.342120 104.683004 -0.088683 0.981521 0.038884 0.165043
1664954668.151783 101.890912 11.251076 105.626460 -0.086391 0.978995 0.033487 0.181612
1664954668.651783 101.550752 11.150093 106.561390 -0.089447 0.977947 0.038091 0.184846
1664954669.151783 101.163107 11.051427 107.477903 -0.084819 0.978226 0.043285 0.184409
1664954669.651783 100.820313 10.936503 108.410258 -0.086271 0.977794 0.040201 0.186709
1664954670.151783 100.457714 10.825961 109.335624 -0.084991 0.977658 0.043871 0.187179
1664954670.651783 100.092142 10.724036 110.260810 -0.084690 0.978053 0.039160 0.186299
1664954671.151783 99.686918 10.624389 111.169580 -0.081609 0.968332 0.042897 0.232020
1664954671.651783 99.241538 10.512670 112.057925 -0.084108 0.963567 0.040952 0.250573
1664954672.151783 98.747158 10.415068 112.921674 -0.082750 0.953088 0.048093 0.287163
1664954672.651783 98.197473 10.279099 113.745906 -0.080932 0.945714 0.065368 0.307899
1664954673.151783 97.605845 10.140529 114.540119 -0.074624 0.941781 0.064071 0.321520
1664954673.651783 96.994731 9.970286 115.313137 -0.074178 0.938812 0.070591 0.328855
1664954674.151783 96.406501 9.781280 116.099434 -0.079993 0.938057 0.071382 0.329476
1664954674.651783 95.785804 9.603834 116.863141 -0.075573 0.942027 0.056598 0.321978
1664954675.151783 95.192367 9.466643 117.656242 -0.077199 0.945507 0.047111 0.312789
1664954675.651783 94.615498 9.356921 118.465677 -0.085344 0.946113 0.054438 0.307610
1664954676.151783 94.072522 9.229894 119.295762 -0.093467 0.946703 0.052947 0.303668
1664954676.651783 93.437733 9.058391 120.049174 -0.091687 0.918537 0.059982 0.379848
1664954677.151783 92.797030 8.865065 120.792225 -0.091892 0.885298 0.073516 0.449887
1664954677.651783 92.033627 8.626188 121.392352 -0.095507 0.882297 0.073795 0.454956
1664954678.151783 91.197669 8.425957 121.903314 -0.085633 0.857327 0.073838 0.502201
1664954678.651783 90.358765 8.202370 122.399549 -0.088920 0.852193 0.081854 0.509078
1664954679.151783 89.507110 7.984489 122.876217 -0.087122 0.850876 0.080064 0.511870
1664954679.651783 88.629367 7.768439 123.303871 -0.082114 0.828884 0.084286 0.546904
1664954680.151783 87.724432 7.540129 123.662992 -0.077220 0.804499 0.082817 0.583061
1664954680.651783 86.783799 7.326807 123.927006 -0.072369 0.794201 0.090125 0.596561
1664954681.151783 85.849347 7.100569 124.201989 -0.071655 0.792506 0.093530 0.598375
1664954681.651783 84.917082 6.879249 124.488169 -0.069029 0.796901 0.089933 0.593377
1664954682.152099 83.972370 6.678631 124.747537 -0.070098 0.801709 0.090542 0.586644
1664954682.652309 83.038056 6.463390 125.031666 -0.072798 0.815630 0.093450 0.566317
1664954683.152377 82.131724 6.236362 125.388064 -0.069294 0.832951 0.087511 0.541971
1664954683.652416 81.252358 6.022628 125.813545 -0.071935 0.851699 0.085633 0.511959
1664954684.152429 80.373200 5.822659 126.246088 -0.076301 0.869674 0.089090 0.479488
1664954684.652429 79.557056 5.596677 126.777916 -0.086101 0.884988 0.091111 0.448421
1664954685.152429 78.751439 5.351009 127.317017 -0.089811 0.892916 0.092581 0.431351
1664954685.652429 78.078811 5.230471 128.047113 -0.116857 0.891411 0.097292 0.426926
1664954686.152429 77.450740 5.012031 128.793981 -0.132275 0.912657 0.082693 0.377785
1664954686.652429 76.850504 4.786872 129.561457 -0.138061 0.940106 0.079331 0.301407
1664954687.152429 76.010447 4.944120 130.080666 -0.134835 0.950832 0.125564 0.248941
1664954687.652429 75.491024 4.562539 130.845254 -0.147996 0.954443 0.150465 0.210941
1664954688.152429 75.105938 4.199395 131.693685 -0.159324 0.954135 0.150533 0.203916
1664954688.652429 74.984061 3.811644 132.607357 -0.209066 0.958431 0.132941 0.141519
1664954689.152429 74.227777 3.473365 133.167358 -0.144990 0.973776 0.138755 0.107173
1664954689.652500 74.358443 3.274201 134.138574 -0.234410 0.963649 0.093186 0.088024
1664954690.152500 74.218607 3.074142 135.108328 -0.238568 0.965631 0.084093 0.059754
1664954690.652500 74.094379 2.802906 136.062790 -0.233542 0.968967 0.070821 0.039310
1664954691.152500 74.067837 2.625871 137.046637 -0.234226 0.971594 0.033216 -0.006283
1664954691.652500 74.127863 2.560713 138.042705 -0.237747 0.970282 -0.007488 -0.044411
1664954692.152500 74.244912 2.634230 139.033106 -0.242136 0.967849 -0.031906 -0.060174
1664954692.652500 74.355570 2.733467 140.021998 -0.243520 0.966151 -0.057719 -0.062595
1664954693.152500 74.447049 2.905613 141.002812 -0.248281 0.963063 -0.083442 -0.062477
1664954693.652500 74.521449 3.102740 141.980363 -0.245268 0.960754 -0.093156 -0.090099
1664954694.152500 74.638487 3.314619 142.950625 -0.238435 0.961200 -0.094733 -0.101340
1664954694.652500 74.779708 3.583729 143.903325 -0.237969 0.963747 -0.068049 -0.099660
1664954695.152500 74.965746 3.755652 144.870710 -0.239978 0.964689 -0.072045 -0.081211
1664954695.652500 75.101847 3.945583 145.843028 -0.247631 0.957498 -0.138675 -0.051435
1664954696.152500 75.055722 4.372591 146.746099 -0.242915 0.961402 -0.115655 -0.057640
1664954696.652500 75.121140 4.530828 147.731330 -0.235546 0.968122 -0.036076 -0.077179
1664954697.152500 75.278407 4.612558 148.715499 -0.240892 0.966754 -0.038763 -0.076516
1664954697.652500 75.414711 4.755415 149.695811 -0.241456 0.966294 -0.040166 -0.079754
1664954698.152500 75.537883 4.857926 150.682888 -0.237614 0.967252 -0.037074 -0.081166
1664954698.652500 75.670463 4.995275 151.664498 -0.237781 0.967573 -0.028639 -0.080264
1664954699.152500 75.820204 5.094456 152.648236 -0.236327 0.968152 -0.013366 -0.081567
1664954699.652500 76.000981 5.163386 153.629342 -0.241193 0.967152 -0.010679 -0.079553
1664954700.152500 76.147623 5.191581 154.618129 -0.238148 0.968265 -0.020532 -0.072990
1664954700.652500 76.247470 5.296650 155.607569 -0.237017 0.968973 -0.025429 -0.065324
1664954701.152500 76.338073 5.383772 156.599638 -0.238647 0.969356 -0.027274 -0.051503
1664954701.652500 76.436293 5.446276 157.592838 -0.238331 0.969904 -0.030182 -0.039661
1664954702.152500 76.516872 5.515930 158.587149 -0.237421 0.970715 -0.023706 -0.027971
1664954702.652500 76.573198 5.564755 159.584367 -0.239480 0.970274 -0.025286 -0.024036
1664954703.152500 76.626904 5.615315 160.581643 -0.240651 0.970107 -0.020283 -0.023831
1664954703.652500 76.676946 5.639963 161.580086 -0.239658 0.970695 -0.007494 -0.016102
1664954704.152500 76.690455 5.644416 162.579985 -0.238846 0.970845 -0.008654 0.018370
1664954704.652500 76.646748 5.682361 163.578309 -0.238629 0.970636 -0.010069 0.028656
1664954705.152500 76.581781 5.686539 164.576187 -0.239484 0.970320 -0.010092 0.032010
1664954705.652500 76.512072 5.696226 165.573708 -0.239254 0.970328 -0.010800 0.033231
1664954706.152500 76.436631 5.697763 166.570857 -0.238076 0.970542 -0.007582 0.036199
1664954706.652500 76.345350 5.663920 167.566107 -0.233975 0.971372 -0.016036 0.037892
1664954707.152500 76.255589 5.700994 168.561380 -0.233229 0.971388 -0.018409 0.040880
1664954707.652500 76.162572 5.736256 169.556420 -0.234868 0.970191 -0.012550 0.058395
1664954708.152500 76.043463 5.732748 170.549295 -0.236990 0.969428 -0.006927 0.063220
1664954708.652500 75.915350 5.724171 171.541017 -0.236338 0.969455 -0.007363 0.065171
1664954709.152500 75.812758 5.721456 172.535737 -0.237892 0.968958 -0.008209 0.066789
1664954709.652500 75.708755 5.726137 173.530303 -0.240893 0.968186 -0.010253 0.066943
1664954710.152500 75.545344 5.712121 174.516761 -0.237151 0.969182 -0.007169 0.066284
1664954710.652500 75.434739 5.691011 175.510402 -0.236398 0.968548 -0.003311 0.077593
1664954711.152500 75.245834 5.648278 176.491467 -0.229780 0.967325 -0.004792 0.107058
1664954711.652500 75.062119 5.600098 177.473265 -0.232795 0.965088 -0.009717 0.119657
1664954712.152500 74.823977 5.570646 178.444049 -0.229380 0.965338 -0.012408 0.123912
1664954712.652500 74.577790 5.559378 179.413205 -0.234187 0.964099 -0.010377 0.124747
1664954713.152500 74.316493 5.509196 180.377158 -0.234430 0.964072 -0.007082 0.124726
1664954713.652500 74.093868 5.498667 181.352006 -0.236854 0.957760 -0.000696 0.163079
1664954714.152500 73.775266 5.431887 182.297539 -0.236563 0.948079 0.005312 0.212498
1664954714.652500 73.343400 5.321622 183.192712 -0.236932 0.932079 0.013191 0.273710
1664954715.152500 72.732024 5.150477 183.965323 -0.231773 0.919035 0.026281 0.317750
1664954715.652500 72.215279 4.987434 184.805794 -0.230828 0.905876 0.035456 0.353342
1664954716.152500 72.462481 5.388791 185.687726 -0.231705 0.892814 0.042542 0.383908
1664954716.652500 71.789640 5.094158 186.366310 -0.226863 0.878266 0.050151 0.417933
1664954717.152500 71.111578 4.808345 187.043467 -0.227786 0.859054 0.059069 0.454589
1664954717.652500 70.367248 4.536496 187.653443 -0.228497 0.836506 0.067017 0.493513
1664954718.152500 69.576137 4.206907 188.168726 -0.229782 0.800931 0.080510 0.547018
1664954718.652500 68.728267 3.812859 188.523469 -0.225898 0.732715 0.107583 0.632870
1664954719.152500 67.858412 3.349408 188.692481 -0.215057 0.678489 0.121910 0.691767
1664954719.652500 66.954670 2.921558 188.706431 -0.212873 0.669612 0.121012 0.701185
1664954720.152500 66.068976 2.457957 188.681545 -0.212299 0.666163 0.123034 0.704286
1664954720.652266 65.180552 2.000658 188.641775 -0.211468 0.665254 0.122805 0.705434
1664954721.152006 64.296386 1.534320 188.613868 -0.210964 0.665057 0.124436 0.705485
1664954721.651959 63.399994 1.091063 188.611716 -0.211708 0.665818 0.121990 0.704971
1664954722.152086 62.502879 0.649423 188.599973 -0.213111 0.670948 0.118012 0.700347
1664954722.652216 61.626321 0.168830 188.626007 -0.214961 0.684998 0.116653 0.686267
1664954723.152216 60.732506 -0.277026 188.674025 -0.214328 0.691924 0.112701 0.680149
1664954723.652216 59.836183 -0.715047 188.742895 -0.220343 0.696426 0.114132 0.673360
1664954724.152216 58.934032 -1.145142 188.776704 -0.214421 0.701133 0.109014 0.671232
1664954724.652216 58.028232 -1.533975 188.945032 -0.213249 0.706699 0.113767 0.664950
1664954725.152216 57.126260 -1.958232 189.025357 -0.210115 0.710145 0.108439 0.663164
1664954725.652216 56.214099 -2.362425 189.093112 -0.208181 0.710418 0.110221 0.663188
1664954726.152216 55.317358 -2.804970 189.096184 -0.192610 0.644835 0.129673 0.728200
1664954726.652216 54.437579 -3.256818 188.948462 -0.183760 0.611664 0.135513 0.757454
1664954727.151747 53.557249 -3.701547 188.783430 -0.172124 0.610119 0.129633 0.762446
1664954727.651747 52.686935 -4.158834 188.600556 -0.182958 0.588843 0.153402 0.772177
1664954728.151747 51.808927 -4.609758 188.440032 -0.197555 0.530808 0.153947 0.809639
1664954728.651747 51.022320 -5.112299 188.081280 -0.177231 0.455865 0.173455 0.854804
1664954729.151747 50.342952 -5.613744 187.545545 -0.162273 0.400816 0.183938 0.882712
1664954729.651747 49.713674 -6.019525 186.882710 -0.152861 0.361165 0.192575 0.899505
1664954730.151747 49.081589 -6.420366 186.219539 -0.146104 0.329871 0.198377 0.911310
1664954730.651747 48.528951 -6.790931 185.473032 -0.142060 0.314038 0.200488 0.917063
1664954731.151747 48.013708 -7.184890 184.711901 -0.143097 0.307293 0.201575 0.918946
1664954731.651747 47.567629 -7.582000 183.909830 -0.136718 0.281240 0.206242 0.927187
1664954732.151747 47.163261 -7.974611 183.083789 -0.135562 0.280811 0.208082 0.927076
1664954732.651747 46.713800 -8.355725 182.275868 -0.140679 0.287250 0.206008 0.924801
1664954733.151747 46.233626 -8.751195 181.492901 -0.141355 0.292398 0.204611 0.923394
1664954733.651747 45.813197 -9.128686 180.667832 -0.144134 0.310362 0.201423 0.917785
1664954734.151574 45.306550 -9.518031 179.898599 -0.151778 0.324620 0.198266 0.912292
1664954734.651366 44.781710 -9.920897 179.148771 -0.156302 0.347363 0.193421 0.904155
1664954735.151286 44.168016 -10.342044 178.480927 -0.156350 0.363738 0.190659 0.898275
1664954735.651248 43.561812 -10.745327 177.795450 -0.159373 0.374603 0.188976 0.893622
1664954736.151245 42.962035 -11.172001 177.118533 -0.160900 0.396827 0.184969 0.884549
1664954736.651245 42.297708 -11.603098 176.507939 -0.167097 0.421857 0.180753 0.872607
1664954737.151245 41.611517 -12.025279 175.915567 -0.173191 0.437724 0.179100 0.863901
1664954737.651245 40.924063 -12.479830 175.349182 -0.174655 0.455624 0.176770 0.854783
1664954738.151245 40.198993 -12.944418 174.840821 -0.181280 0.474654 0.174407 0.843460
1664954738.651245 39.450229 -13.404323 174.363495 -0.184772 0.492705 0.168958 0.833399
1664954739.151245 38.694887 -13.881004 173.913791 -0.191008 0.519038 0.163333 0.816969
1664954739.651245 37.947418 -14.410614 173.512789 -0.195439 0.538464 0.158597 0.804181
1664954740.151245 37.142452 -14.891863 173.165759 -0.197461 0.544604 0.158539 0.799550
1664954740.651245 36.324934 -15.369641 172.844213 -0.199813 0.550451 0.160506 0.794554
1664954741.151245 35.516811 -15.870267 172.533873 -0.199235 0.555960 0.158290 0.791302
1664954741.651245 34.654324 -16.324732 172.311212 -0.211068 0.610293 0.143722 0.749891
1664954742.151245 33.775753 -16.792631 172.215380 -0.222731 0.661766 0.127896 0.704343
1664954742.651245 32.889280 -17.253148 172.261102 -0.232756 0.727176 0.108603 0.636589
1664954743.151245 32.019690 -17.713934 172.438552 -0.237460 0.793414 0.085555 0.553884
1664954743.651245 31.206136 -18.081203 172.889377 -0.241249 0.838501 0.065127 0.484225
1664954744.151245 30.495819 -18.390058 173.521879 -0.237775 0.894075 0.024963 0.378773
1664954744.651245 29.701475 -18.675929 174.057878 -0.239128 0.932082 0.000969 0.272102
1664954745.151245 29.973239 -18.338510 173.156605 -0.238168 0.935201 -0.000999 0.262057
1664954745.651245 29.293270 -18.615853 173.835370 -0.234039 0.946496 -0.011905 0.221875
1664954746.151245 28.668435 -18.820230 174.588903 -0.225989 0.963372 -0.039960 0.138734
1664954746.651245 28.394892 -18.797239 175.550488 -0.231405 0.962954 -0.044614 0.131080
1664954747.151245 28.132126 -18.743295 176.513838 -0.229309 0.965021 -0.046012 0.118467
1664954747.651245 27.868143 -18.708818 177.477749 -0.224935 0.972170 -0.032250 0.056999
1664954748.151245 27.771915 -18.634024 178.470294 -0.222087 0.972357 -0.042467 -0.058267
1664954748.651245 27.842819 -18.541605 179.463487 -0.219194 0.969284 -0.052392 -0.098473
1664954749.151245 28.016892 -18.405181 180.438724 -0.223092 0.967657 -0.049680 -0.106783
1664954749.651245 28.199505 -18.253326 181.410111 -0.232155 0.967237 -0.052669 -0.088217
1664954750.151245 28.317068 -18.096638 182.390737 -0.235396 0.970186 -0.045044 -0.036045
1664954750.651245 28.345798 -18.002517 183.385883 -0.231146 0.971461 -0.044335 -0.029479
1664954751.151245 28.355110 -17.899369 184.380506 -0.230690 0.972183 -0.035534 -0.019458
1664954751.651517 28.388056 -17.814484 185.376352 -0.232001 0.972022 -0.036249 -0.005850
1664954752.151757 28.385639 -17.727209 186.372533 -0.238065 0.970437 -0.038733 0.008753
1664954752.651903 28.350128 -17.654798 187.369275 -0.241202 0.969676 -0.034912 0.018215
1664954753.152088 28.296363 -17.580883 188.365090 -0.243659 0.969047 -0.030998 0.024846
1664954753.652127 28.231841 -17.535482 189.361973 -0.247790 0.968385 -0.016634 0.023550
1664954754.152127 28.168777 -17.499551 190.359335 -0.249351 0.967485 -0.020257 0.037231
1664954754.652127 28.067905 -17.471752 191.353846 -0.247475 0.967623 -0.023566 0.043659
1664954755.152127 27.961487 -17.440214 192.347667 -0.250499 0.966527 -0.018452 0.052294
1664954755.652127 27.839829 -17.456295 193.340109 -0.248342 0.967108 -0.008951 0.054293
1664954756.152274 27.731433 -17.441653 194.334109 -0.248793 0.966787 -0.012866 0.057086
1664954756.652500 27.626822 -17.438867 195.328618 -0.251216 0.966623 -0.011904 0.048878
1664954757.152500 27.515710 -17.414663 196.322131 -0.250893 0.967761 -0.019515 0.010484
1664954757.652500 27.488153 -17.384945 197.321310 -0.248710 0.968500 -0.011802 0.003468
1664954758.152500 27.457106 -17.355941 198.320407 -0.245029 0.969440 -0.011649 0.003392
1664954758.652500 27.454873 -17.368165 199.320330 -0.241680 0.970291 -0.010907 0.002842
1664954759.152500 27.466607 -17.364867 200.320255 -0.240216 0.970607 -0.014723 0.000932
1664954759.652500 27.472852 -17.320692 201.319259 -0.246432 0.969041 -0.014507 -0.004442
1664954760.152500 27.468516 -17.291433 202.318822 -0.240989 0.969775 -0.030306 -0.023308
1664954760.652500 27.502848 -17.195527 203.313620 -0.235788 0.968875 -0.048193 -0.057982
1664954761.152500 27.624799 -17.057538 204.296517 -0.235890 0.966362 -0.051272 -0.088724
1664954761.652500 27.760633 -16.914917 205.276930 -0.231572 0.966486 -0.044047 -0.101682
1664954762.152500 27.894190 -16.771212 206.257497 -0.224763 0.967540 -0.048350 -0.104933
1664954762.652500 28.092440 -16.615349 207.225176 -0.229177 0.966593 -0.049836 -0.103406
1664954763.152500 28.297020 -16.480201 208.194651 -0.232497 0.965658 -0.050613 -0.104351
1664954763.652500 28.510650 -16.328412 209.159702 -0.233833 0.966580 -0.043485 -0.095676
1664954764.152500 28.642742 -16.207689 210.143560 -0.236519 0.967666 -0.038007 -0.078972
1664954764.652500 28.789138 -16.110917 211.128042 -0.239062 0.968170 -0.034763 -0.065485
1664954765.152500 28.893025 -16.026039 212.119002 -0.234055 0.970123 -0.031953 -0.055304
1664954765.652500 28.995831 -15.924787 213.108537 -0.232487 0.971288 -0.025921 -0.043327
1664954766.152500 29.038612 -15.860821 214.105572 -0.233861 0.971483 -0.024455 -0.030521
1664954766.652500 29.058901 -15.812601 215.104202 -0.228529 0.973248 -0.013128 -0.019783
1664954767.152500 29.073292 -15.786346 216.103754 -0.228095 0.973577 0.000656 0.010917
1664954767.652500 29.039776 -15.819374 217.102646 -0.231356 0.971899 0.013968 0.041134
1664954768.152344 28.942941 -15.888179 218.095566 -0.231031 0.969089 0.024021 0.083150
1664954768.652038 28.782302 -15.954622 219.080340 -0.232561 0.958600 0.031077 0.161355
1664954769.151864 28.481374 -16.078442 220.025914 -0.229742 0.955448 0.032967 0.182351
1664954769.651637 28.118227 -16.250911 220.941545 -0.224983 0.943400 0.048017 0.238900
1664954770.151468 27.658451 -16.469860 221.802165 -0.217759 0.925260 0.062483 0.304254
1664954770.651361 27.110528 -16.719360 222.600620 -0.214379 0.924380 0.059313 0.309910
1664954771.151188 26.577470 -16.964595 223.410378 -0.218009 0.926698 0.062878 0.299580
1664954771.651027 26.046143 -17.202467 224.223464 -0.215544 0.928622 0.054588 0.297022
1664954772.150936 25.475191 -17.434135 225.011083 -0.208845 0.917448 0.059155 0.333427
1664954772.650893 24.875146 -17.673520 225.774392 -0.206605 0.906072 0.065666 0.363368
1664954773.150893 24.237902 -17.943619 226.496172 -0.204707 0.899635 0.070644 0.379159
1664954773.650893 23.559368 -18.227064 227.173853 -0.200879 0.892514 0.079942 0.395823
1664954774.150893 22.895959 -18.535002 227.855808 -0.203790 0.889941 0.079827 0.400127
1664954774.650893 22.205796 -18.818661 228.521550 -0.203375 0.884605 0.079479 0.412063
1664954775.150893 21.530764 -19.136436 229.187396 -0.215587 0.880096 0.093189 0.412637
1664954775.650893 20.843001 -19.475375 229.829348 -0.213169 0.879363 0.086633 0.416863
1664954776.150893 20.119056 -19.791523 230.442499 -0.208253 0.875594 0.079461 0.428545
1664954776.650893 19.413001 -20.125600 231.066902 -0.205536 0.874682 0.078822 0.431826
1664954777.150893 18.681435 -20.455176 231.663719 -0.211178 0.873024 0.093108 0.429609
1664954777.650893 17.976423 -20.793088 232.287236 -0.213153 0.873819 0.094025 0.426809
1664954778.150893 17.285368 -21.142599 232.919916 -0.219302 0.875134 0.095349 0.420661
1664954778.650893 16.600732 -21.486104 233.562784 -0.218378 0.879624 0.087895 0.413336
1664954779.150893 15.886382 -21.819980 234.177789 -0.210855 0.883959 0.094658 0.406444
1664954779.650893 15.198226 -22.145667 234.826148 -0.209632 0.883408 0.085611 0.410262
1664954780.150893 14.517286 -22.473070 235.481226 -0.210551 0.882986 0.085781 0.410664
1664954780.650893 13.825314 -22.792929 236.128424 -0.215282 0.881910 0.089154 0.409806
1664954781.150893 13.128592 -23.132166 236.760482 -0.212349 0.882373 0.091415 0.409840
1664954781.650893 12.467427 -23.480374 237.425020 -0.218974 0.881621 0.101202 0.405651
1664954782.150893 11.776394 -23.829222 238.058091 -0.208681 0.883865 0.091556 0.408477
1664954782.650893 11.093084 -24.151743 238.713123 -0.208686 0.884712 0.087217 0.407589
1664954783.150893 10.394471 -24.468543 239.354667 -0.206686 0.886308 0.086957 0.405188
1664954783.650893 9.695684 -24.788693 239.994355 -0.202484 0.886816 0.093395 0.404766
1664954784.150893 8.977491 -25.140478 240.594726 -0.195691 0.869143 0.103835 0.442170
1664954784.650893 8.243885 -25.484995 241.180500 -0.189341 0.861539 0.100020 0.460322
1664954785.150893 7.486023 -25.843014 241.725906 -0.188678 0.846348 0.113251 0.485047
1664954785.650893 6.699053 -26.215913 242.217459 -0.179037 0.836030 0.111754 0.506469
1664954786.150893 5.883863 -26.593587 242.656579 -0.176539 0.822981 0.120331 0.526363
1664954786.650893 5.036476 -26.962814 243.038166 -0.171057 0.819479 0.119402 0.533795
1664954787.150893 4.176035 -27.346434 243.373541 -0.162597 0.793534 0.129680 0.571883
1664954787.650893 3.312707 -27.730317 243.701106 -0.162523 0.774159 0.141200 0.595253
1664954788.150893 2.433143 -28.132218 243.955747 -0.160784 0.746889 0.143840 0.628979
1664954788.650995 1.550866 -28.565678 244.139323 -0.167250 0.743917 0.139288 0.631833
1664954789.151232 0.650947 -28.977433 244.282865 -0.167080 0.729625 0.143410 0.647429
1664954789.651415 -0.244537 -29.407174 244.398751 -0.163261 0.711524 0.145645 0.667732
1664954790.151556 -1.152147 -29.826638 244.415913 -0.156146 0.665898 0.161943 0.711318
1664954790.651607 -2.050784 -30.263027 244.371021 -0.163320 0.655024 0.168730 0.718193
1664954791.151607 -2.934028 -30.723164 244.280720 -0.164266 0.641972 0.172758 0.728727
1664954791.651607 -3.817788 -31.183093 244.194493 -0.162475 0.630697 0.166279 0.740388
1664954792.151607 -4.700974 -31.630656 244.054248 -0.164177 0.626320 0.160521 0.744985
1664954792.651607 -5.601179 -32.050381 243.938221 -0.161335 0.626345 0.140560 0.749604
1664954793.151607 -6.492913 -32.474207 243.779537 -0.167081 0.623654 0.145157 0.749712
1664954793.651607 -7.385358 -32.908384 243.656924 -0.170531 0.624097 0.140743 0.749409
1664954794.151607 -8.271227 -33.342913 243.494384 -0.171659 0.623624 0.142553 0.749203
1664954794.651607 -9.161510 -33.774133 243.347939 -0.168826 0.634807 0.135269 0.741768
1664954795.151607 -10.054367 -34.213159 243.247624 -0.185430 0.652030 0.137221 0.722248
1664954795.651607 -10.954167 -34.648726 243.222289 -0.192697 0.690530 0.129277 0.685072
1664954796.151607 -11.850750 -35.091170 243.241823 -0.189599 0.698718 0.125861 0.678236
1664954796.651607 -12.755105 -35.514562 243.295508 -0.187820 0.701935 0.118828 0.676676
1664954797.151607 -13.664093 -35.931340 243.301541 -0.173772 0.702267 0.121868 0.679539
1664954797.651607 -14.573857 -36.345352 243.331924 -0.160498 0.697420 0.124860 0.687209
1664954798.151607 -15.500201 -36.717519 243.390044 -0.162135 0.699479 0.119924 0.685609
1664954798.651607 -16.423934 -37.100001 243.410675 -0.155988 0.704902 0.115559 0.682222
1664954799.151607 -17.353920 -37.464088 243.461337 -0.153506 0.707009 0.110515 0.681441
1664954799.651607 -18.284574 -37.826578 243.511180 -0.154656 0.709261 0.110212 0.678884
1664954800.151607 -19.216875 -38.183567 243.569254 -0.147521 0.705394 0.100276 0.686004
1664954800.651951 -20.156621 -38.523626 243.604424 -0.131402 0.654703 0.085709 0.739426
1664954801.152018 -21.109149 -38.811795 243.506188 -0.128677 0.649353 0.079487 0.745295
1664954801.652060 -22.060370 -39.092607 243.378430 -0.117966 0.648016 0.070820 0.749095
1664954802.151013 -23.014044 -39.372262 243.267527 -0.120268 0.654475 0.065380 0.743588
1664954802.650931 -23.971679 -39.635731 243.151249 -0.117790 0.681772 0.065532 0.719040
1664954803.150905 -24.944149 -39.860716 243.211943 -0.129353 0.740385 0.060464 0.656842
1664954803.650898 -25.894435 -40.126807 243.373659 -0.132163 0.783927 0.065804 0.603044
1664954804.150897 -26.832628 -40.380936 243.608628 -0.127174 0.794393 0.072226 0.589533
1664954804.650897 -27.752912 -40.642400 243.899688 -0.128785 0.805767 0.079973 0.572501
1664954805.150897 -28.659225 -40.920028 244.218308 -0.137254 0.827235 0.095726 0.536358
1664954805.650897 -29.451966 -41.234425 244.740531 -0.148450 0.876983 0.091789 0.447704
1664954806.150897 -30.270654 -41.553369 245.218049 -0.153936 0.922470 0.081238 0.344606
1664954806.650897 -30.888302 -41.816326 245.959240 -0.158468 0.933949 0.077319 0.310885
1664954807.150897 -31.462877 -42.067114 246.738323 -0.157734 0.930066 0.082593 0.321365
1664954807.650897 -32.075237 -42.329494 247.484092 -0.149352 0.906381 0.098428 0.382726
1664954808.150897 -32.738877 -42.612157 248.176684 -0.146250 0.888238 0.105915 0.422406
1664954808.650897 -33.445430 -42.915057 248.816242 -0.137351 0.889289 0.093490 0.426098
1664954809.150897 -34.157684 -43.194727 249.460042 -0.138845 0.886623 0.085649 0.432766
1664954809.650897 -34.909796 -43.487721 250.050367 -0.141362 0.885246 0.085537 0.434787
1664954810.150897 -35.655950 -43.755736 250.659810 -0.132720 0.880225 0.081831 0.448212
1664954810.650897 -36.360891 -43.991273 251.328825 -0.128963 0.857090 0.080619 0.492205
1664954811.150897 -37.099291 -44.241279 251.955133 -0.124650 0.830679 0.083030 0.536228
1664954811.650897 -37.987791 -44.528913 252.312674 -0.119973 0.815936 0.085087 0.559120
1664954812.150897 -38.870666 -44.576773 252.779836 -0.125096 0.814022 0.088715 0.560222
1664954812.650897 -39.654854 -44.960611 253.267399 -0.127586 0.814305 0.084976 0.559828
1664954813.150916 -40.524670 -45.330446 253.593960 -0.102687 0.817626 0.052803 0.564053
1664954813.651112 -41.465460 -45.426182 253.919150 0.006932 0.815262 -0.081599 0.573273
1664954814.151221 -42.255812 -44.881826 254.200255 -0.017360 0.829638 -0.046209 0.556115
1664954814.651321 -42.844886 -44.669719 254.980001 -0.036334 0.830064 -0.051911 0.554057
1664954815.151410 -43.756205 -44.544236 255.372112 -0.038475 0.830230 -0.045565 0.554222
1664954815.651410 -44.745269 -44.519303 255.517479 -0.029982 0.830241 -0.039342 0.555205
1664954816.151410 -45.488061 -44.597338 254.852521 -0.026508 0.821178 -0.037847 0.568799
1664954816.651410 -46.191706 -44.661624 254.144882 -0.024619 0.801288 -0.031295 0.596952
1664954817.151518 -47.156499 -44.638713 254.406890 -0.029972 0.799101 -0.025799 0.599895
1664954817.651739 -48.071399 -44.922599 254.693886 -0.047204 0.799922 -0.004861 0.598225
1664954818.151802 -47.072414 -44.936533 254.651070 -0.074308 0.799845 0.027817 0.594940
1664954818.651826 -47.791715 -44.719226 253.991234 -0.076562 0.799791 0.029557 0.594641
1664954819.151775 -48.787230 -44.674105 253.908082 -0.074133 0.792192 0.028333 0.605090
1664954819.651775 -49.529621 -44.570777 254.570033 -0.080325 0.773402 0.027103 0.628221
1664954820.151775 -50.333311 -44.578824 255.165027 -0.079774 0.768852 0.027350 0.633842
1664954820.651775 -51.221840 -44.674319 255.613799 -0.081326 0.730388 0.029335 0.677539
1664954821.151775 -51.897540 -44.744781 256.347600 -0.084167 0.732729 0.028338 0.674701
1664954821.651775 -52.895724 -44.754356 256.288131 -0.083184 0.729528 0.027151 0.678331
1664954822.151775 -51.896942 -44.708139 256.270902 -0.084671 0.722041 0.029385 0.686021
1664954822.651775 -52.875067 -44.714242 256.478828 -0.087735 0.703329 0.026822 0.704919
1664954823.151775 -53.579293 -45.000265 255.829015 -0.018157 0.647786 0.055890 0.759553
1664954823.651775 -54.527897 -44.924915 256.136378 -0.052187 0.647825 0.044262 0.758709
1664954824.151775 -55.502826 -44.874703 256.353155 -0.081877 0.645466 0.028597 0.758849
1664954824.651775 -56.329458 -45.031608 255.812729 -0.080470 0.650668 0.027171 0.754598
1664954825.151548 -56.063442 -45.070174 254.849533 -0.080677 0.698008 0.033922 0.710721
1664954825.651448 -56.978547 -44.976047 255.241607 -0.098190 0.693326 0.033485 0.713117
1664954826.151344 -57.940545 -45.215334 255.110073 -0.083219 0.687800 0.045059 0.719705
1664954826.651172 -58.775657 -45.349134 255.643633 -0.127881 0.672381 0.053853 0.727083
1664954827.151127 -59.735205 -45.599589 255.515022 -0.111608 0.665526 0.045580 0.736574
1664954827.651127 -60.692088 -45.822616 255.328924 -0.099588 0.664341 0.043850 0.739467
1664954828.151127 -61.648117 -46.102311 255.240715 -0.094464 0.662287 0.038932 0.742251
1664954828.651127 -62.646790 -46.147672 255.216331 -0.108806 0.658789 0.042933 0.743179
1664954829.151127 -63.603251 -46.285867 254.959264 -0.116415 0.649890 0.049613 0.749419
1664954829.651127 -64.517163 -46.619156 254.727568 -0.106265 0.637288 0.059255 0.760960
1664954830.151380 -65.507427 -46.754426 254.760430 -0.118482 0.635284 0.046720 0.761704
1664954830.651803 -66.477968 -46.935487 254.601473 -0.125175 0.635605 0.051333 0.760068
1664954831.151936 -67.436286 -47.128600 254.390917 -0.128439 0.636507 0.056244 0.758419
1664954831.651991 -68.399859 -47.377255 254.292446 -0.147767 0.633937 0.070551 0.755851
1664954832.152001 -69.390543 -47.463677 254.187200 -0.176792 0.629282 0.088093 0.751657
1664954832.652001 -70.265718 -47.897379 253.972789 -0.174699 0.629343 0.092482 0.751568
1664954833.152001 -71.172499 -48.269684 253.774958 -0.182812 0.627783 0.106108 0.749139
1664954833.652001 -72.012400 -48.678375 253.417834 -0.169120 0.629421 0.111822 0.750149
1664954834.152001 -72.937988 -49.051859 253.356213 -0.184285 0.619800 0.108625 0.755042
1664954834.652001 -73.840787 -49.473675 253.272399 -0.185788 0.603878 0.109622 0.767331
1664954835.152001 -74.649232 -50.022183 253.058963 -0.159669 0.593267 0.103471 0.782198
1664954835.652001 -75.622054 -50.132959 253.262300 -0.160530 0.592830 0.103262 0.782381
1664954836.152001 -76.518299 -50.492057 253.001929 -0.154716 0.587219 0.098470 0.788378
1664954836.652001 -77.480824 -50.763231 253.005366 -0.160571 0.555838 0.089822 0.810674
1664954837.152001 -78.269420 -50.163634 253.141747 -0.190085 0.535011 0.115394 0.815055
1664954837.652001 -79.001799 -50.675860 252.693144 -0.206511 0.540323 0.141158 0.803417
1664954838.152001 -79.740198 -51.156685 252.220308 -0.223924 0.555827 0.160033 0.784413
1664954838.652001 -80.607324 -51.636915 252.088126 -0.214631 0.570450 0.118967 0.783816
1664954839.152001 -81.412270 -52.128629 251.756042 -0.147187 0.528991 0.085846 0.831345
1664954839.652001 -82.001248 -51.877444 250.987920 -0.207983 0.549914 0.122919 0.799518
1664954840.152001 -82.885819 -52.319849 250.840233 -0.285808 0.526961 0.170906 0.781931
1664954840.652001 -83.542535 -52.994672 250.503576 -0.260400 0.542914 0.150828 0.784020
1664954841.152001 -84.309827 -53.559190 250.199303 -0.205494 0.546060 0.128194 0.801971
1664954841.652212 -85.113930 -54.038198 249.847208 -0.184709 0.489626 0.138982 0.840734
1664954842.152500 -86.036131 -54.420489 249.905507 -0.183322 0.435971 0.154976 0.867355
1664954842.652500 -86.813083 -54.889431 249.485462 -0.171577 0.389700 0.163780 0.889871
1664954843.152500 -87.447963 -55.324868 248.847243 -0.160278 0.363614 0.171144 0.901557
1664954843.652500 -88.043987 -55.746845 248.164096 -0.148772 0.361687 0.166702 0.905130
1664954844.152500 -88.646206 -56.140253 247.469429 -0.150671 0.359749 0.167547 0.905432
1664954844.652500 -89.230135 -56.517949 246.750838 -0.145607 0.359136 0.166378 0.906719
1664954845.152500 -89.856553 -56.901638 246.072322 -0.140348 0.360370 0.160997 0.908029
1664954845.652500 -90.470597 -57.251591 245.364874 -0.141426 0.357183 0.161076 0.909106
1664954846.152500 -91.105065 -57.634331 244.693339 -0.141296 0.357049 0.156911 0.909907
1664954846.652500 -91.675905 -58.012673 243.964642 -0.119611 0.360345 0.153666 0.912267
1664954847.152500 -92.331451 -58.335918 243.282167 -0.112273 0.362054 0.148262 0.913417
1664954847.652500 -92.930733 -58.664777 242.552295 -0.119161 0.361765 0.155128 0.911516
1664954848.152500 -93.568356 -58.975030 241.847185 -0.113293 0.355668 0.151340 0.915293
1664954848.652500 -94.193432 -59.258554 241.119934 -0.112710 0.351962 0.153520 0.916434
1664954849.152500 -94.786843 -59.564272 240.375354 -0.113604 0.349770 0.156588 0.916643
1664954849.652500 -95.375213 -59.873183 239.628096 -0.111102 0.349109 0.156983 0.917134
1664954850.152359 -95.997688 -60.176648 238.906684 -0.105270 0.348004 0.155794 0.918444
1664954850.652046 -96.570995 -60.490027 238.149643 -0.097030 0.344548 0.155979 0.920621
1664954851.151980 -97.159438 -60.753675 237.385297 -0.096663 0.342700 0.159155 0.920805
1664954851.652060 -97.780597 -61.029493 236.651753 -0.101291 0.349771 0.160576 0.917396
1664954852.152052 -98.409258 -61.334969 235.936582 -0.100337 0.356400 0.154982 0.915910
1664954852.652052 -99.040354 -61.623272 235.216444 -0.108989 0.360173 0.154849 0.913465
1664954853.152052 -99.673114 -61.922423 234.502215 -0.111066 0.366851 0.157442 0.910108
1664954853.652052 -100.326349 -62.241116 233.815396 -0.120140 0.372180 0.157997 0.906689
1664954854.152052 -100.964737 -62.585009 233.126776 -0.117309 0.382012 0.155523 0.903393
1664954854.652052 -101.612697 -62.897342 232.432085 -0.119166 0.385743 0.157673 0.901188
1664954855.152052 -102.269154 -63.240422 231.760251 -0.120953 0.390806 0.160026 0.898350
1664954855.652052 -102.950774 -63.572096 231.108035 -0.126675 0.397252 0.162534 0.894275
1664954856.152052 -103.615309 -63.912974 230.443057 -0.126611 0.403508 0.160194 0.891902
1664954856.652163 -104.311750 -64.281556 229.827332 -0.140048 0.445505 0.157063 0.870197
1664954857.152500 -105.040633 -64.664221 229.259619 -0.142634 0.469283 0.147125 0.858943
1664954857.652500 -105.819591 -65.026327 228.747660 -0.138882 0.480977 0.143956 0.853610
1664954858.152500 -106.605195 -65.366762 228.231006 -0.140901 0.486254 0.146952 0.849770
1664954858.652500 -107.405633 -65.740148 227.762090 -0.148990 0.513375 0.143906 0.832790
1664954859.152500 -108.231715 -66.140237 227.365205 -0.157910 0.548264 0.139054 0.809404
1664954859.652500 -109.087331 -66.538955 227.035137 -0.162459 0.575737 0.132878 0.790239
1664954860.152304 -109.965690 -66.930425 226.760844 -0.162477 0.588259 0.128673 0.781662
1664954860.651999 -110.845120 -67.328718 226.500142 -0.165052 0.603176 0.127322 0.769887
1664954861.151926 -111.727250 -67.746190 226.282049 -0.162663 0.609687 0.124159 0.765772
1664954861.651842 -112.622867 -68.134440 226.064951 -0.160033 0.600242 0.130388 0.772721
1664954862.151784 -113.520555 -68.517170 225.846607 -0.142313 0.601618 0.114484 0.777622
1664954862.651784 -114.439022 -68.855362 225.641560 -0.145442 0.606872 0.106620 0.774070
1664954863.151784 -115.353677 -69.184246 225.406524 -0.152716 0.608961 0.109098 0.770676
1664954863.651784 -116.262092 -69.550397 225.204743 -0.156179 0.613805 0.112145 0.765686
1664954864.151784 -117.166056 -69.931741 225.011286 -0.156413 0.615238 0.113539 0.764282
1664954864.651784 -118.072307 -70.315285 224.833511 -0.165321 0.618777 0.116282 0.759119
1664954865.151784 -118.981093 -70.699681 224.671193 -0.173999 0.619836 0.117423 0.756135
1664954865.651784 -119.877475 -71.103714 224.488833 -0.168357 0.625080 0.111598 0.753974
1664954866.151784 -120.783689 -71.504976 224.355541 -0.171660 0.627368 0.112513 0.751188
1664954866.651784 -121.692108 -71.882955 224.176917 -0.160973 0.632546 0.108466 0.749806
1664954867.151784 -122.608098 -72.253034 224.021984 -0.158735 0.635398 0.104958 0.748369
1664954867.651784 -123.535998 -72.601264 223.888808 -0.159817 0.637588 0.102842 0.746568
1664954868.151784 -124.449482 -72.981374 223.743672 -0.163542 0.636149 0.106203 0.746518
1664954868.651784 -125.376280 -73.334953 223.617070 -0.154499 0.634448 0.100376 0.750686
1664954869.151703 -126.298707 -73.698562 223.487006 -0.153677 0.633910 0.097166 0.751731
1664954869.651466 -127.225848 -74.042067 223.337298 -0.162311 0.633673 0.103334 0.749290
1664954870.151373 -128.146611 -74.402742 223.188606 -0.161220 0.633803 0.097789 0.750159
1664954870.651350 -129.076821 -74.752391 223.077007 -0.165702 0.648578 0.093289 0.737012
1664954871.151404 -130.001399 -75.116072 222.963459 -0.166285 0.659607 0.095662 0.726716
1664954871.651404 -130.931204 -75.475960 222.886369 -0.172430 0.663753 0.100610 0.720817
1664954872.151404 -131.850814 -75.852520 222.774475 -0.163450 0.655644 0.101633 0.730127
1664954872.651404 -132.770137 -76.228204 222.657400 -0.165225 0.638988 0.111375 0.742961
1664954873.151404 -133.694044 -76.592194 222.539469 -0.162028 0.638100 0.104395 0.745438
1664954873.651404 -134.604755 -76.979112 222.394902 -0.166599 0.637385 0.109851 0.744257
1664954874.151528 -135.518276 -77.358747 222.248763 -0.158190 0.638683 0.110130 0.744937
1664954874.651665 -136.435723 -77.734421 222.117770 -0.162280 0.639461 0.114049 0.742797
1664954875.151696 -137.350045 -78.120336 221.994945 -0.164515 0.638775 0.114428 0.742837
1664954875.651720 -138.258892 -78.514134 221.857398 -0.165409 0.641637 0.118764 0.739484
1664954876.151747 -139.165757 -78.917945 221.736843 -0.164535 0.649810 0.114472 0.733193
1664954876.651747 -140.077619 -79.314968 221.632538 -0.168952 0.659458 0.112483 0.723821
1664954877.152216 -140.995699 -79.705678 221.565639 -0.170165 0.672652 0.110111 0.711660
1664954877.652216 -141.919572 -80.085619 221.519770 -0.168705 0.677020 0.103436 0.708861
1664954878.152216 -142.845020 -80.463246 221.489059 -0.166391 0.682836 0.100822 0.704190
1664954878.652216 -143.773984 -80.833222 221.477078 -0.168322 0.697872 0.104069 0.688340
1664954879.152216 -144.700573 -81.208065 221.507506 -0.165153 0.705523 0.098729 0.682066
1664954879.652216 -145.628811 -81.575445 221.565871 -0.170371 0.708675 0.096155 0.677870
1664954880.152216 -146.557460 -81.935984 221.653181 -0.166742 0.722762 0.084255 0.665367
1664954880.652216 -147.494092 -82.275565 221.739227 -0.157967 0.732428 0.086211 0.656630
1664954881.152216 -148.427210 -82.620832 221.839637 -0.157371 0.737087 0.094280 0.650422
1664954881.652216 -149.360857 -82.951023 221.978478 -0.149969 0.744956 0.086182 0.644300
1664954882.152216 -150.296340 -83.284048 222.096655 -0.143089 0.750191 0.098012 0.638069
1664954882.652216 -151.229683 -83.619024 222.225739 -0.142744 0.753734 0.106638 0.632565
1664954883.152109 -152.146239 -83.950530 222.449410 -0.165249 0.748722 0.105594 0.633212
1664954883.651844 -153.058161 -84.306987 222.652724 -0.170841 0.749288 0.102994 0.631484
1664954884.151789 -153.965655 -84.677514 222.850624 -0.180073 0.745878 0.106240 0.632418
1664954884.651782 -154.876414 -85.050402 223.028028 -0.180207 0.746408 0.105502 0.631878
1664954885.151820 -155.781804 -85.431856 223.214473 -0.182343 0.746943 0.102770 0.631083
1664954885.651820 -156.690296 -85.805621 223.401400 -0.178220 0.752702 0.099185 0.625971
1664954886.151820 -157.598697 -86.176441 223.594536 -0.177564 0.762536 0.099108 0.614156
1664954886.651820 -158.500390 -86.545417 223.819937 -0.178105 0.766863 0.095442 0.609172
1664954887.151820 -159.401207 -86.906333 224.061325 -0.180297 0.771732 0.092744 0.602762
1664954887.651996 -160.302312 -87.257108 224.316211 -0.180544 0.774319 0.086275 0.600325
1664954888.152263 -161.201410 -87.607303 224.578862 -0.180096 0.777244 0.088446 0.596350
1664954888.652249 -162.092347 -87.950497 224.876265 -0.184960 0.779485 0.084019 0.592566
1664954889.152249 -162.986658 -88.288029 225.170001 -0.185297 0.774508 0.082985 0.599096
1664954889.652264 -163.887981 -88.640085 225.422338 -0.183614 0.769342 0.090857 0.605098
1664954890.152264 -164.786448 -88.993861 225.682338 -0.182734 0.762331 0.090873 0.614168
1664954890.652264 -165.694060 -89.355133 225.896165 -0.179419 0.757347 0.089122 0.621524
1664954891.152264 -166.609852 -89.690466 226.117246 -0.181824 0.752796 0.090186 0.626182
1664954891.652264 -167.522434 -90.046813 226.317774 -0.185178 0.746704 0.093351 0.632003
1664954892.152264 -168.441352 -90.389245 226.513552 -0.187621 0.745647 0.092959 0.632588
1664954892.652264 -169.355316 -90.756354 226.686474 -0.180012 0.746117 0.088568 0.634871
1664954893.152264 -170.268563 -91.125285 226.859299 -0.181629 0.743343 0.088565 0.637658
1664954893.652264 -171.192149 -91.478733 227.007838 -0.177161 0.733133 0.087275 0.650779
1664954894.152264 -172.119656 -91.836406 227.116470 -0.174167 0.727643 0.093422 0.656867
1664954894.652264 -173.043393 -92.198750 227.240635 -0.170963 0.724675 0.093861 0.660915
1664954895.152264 -173.972205 -92.560202 227.322248 -0.173120 0.719810 0.098979 0.664911
1664954895.651885 -174.893231 -92.931754 227.439125 -0.178550 0.710025 0.103864 0.673198
1664954896.151643 -175.821787 -93.297135 227.504558 -0.177994 0.701973 0.107574 0.681161
1664954896.651534 -176.747807 -93.671479 227.553059 -0.178400 0.695558 0.106818 0.687723
1664954897.151494 -177.671388 -94.054741 227.563478 -0.177954 0.689801 0.115694 0.692186
1664954897.651494 -178.582865 -94.466087 227.561382 -0.188480 0.684603 0.133526 0.691350
1664954898.151494 -179.479074 -94.909655 227.568955 -0.187732 0.663832 0.135675 0.711109
1664954898.651494 -180.361840 -95.377616 227.527274 -0.189172 0.645672 0.142809 0.725898
1664954899.151494 -181.246335 -95.834842 227.434473 -0.184422 0.641094 0.139384 0.731819
1664954899.651494 -182.130715 -96.292032 227.340402 -0.184460 0.628026 0.138097 0.743295
1664954900.151494 -183.013299 -96.735905 227.185413 -0.183254 0.624363 0.138757 0.746549
1664954900.651494 -183.898179 -97.179488 227.043209 -0.182214 0.624257 0.138556 0.746929
1664954901.151494 -184.789159 -97.614952 226.914657 -0.172888 0.626031 0.131137 0.748998
1664954901.651494 -185.682274 -98.036496 226.757666 -0.168560 0.634735 0.134407 0.742047
1664954902.151494 -186.579677 -98.453580 226.613759 -0.168042 0.643566 0.130820 0.735167
1664954902.651494 -187.488961 -98.859443 226.521681 -0.171628 0.671177 0.121453 0.710854
1664954903.151494 -188.408924 -99.247805 226.468376 -0.167069 0.688778 0.109312 0.696939
1664954903.651494 -189.331034 -99.634423 226.483880 -0.167019 0.697126 0.108917 0.688663
1664954904.151566 -190.262079 -99.998555 226.507595 -0.165123 0.708530 0.111130 0.677030
1664954904.651947 -191.187178 -100.376194 226.547365 -0.162439 0.714891 0.108096 0.671461
1664954905.152218 -192.109529 -100.756741 226.614087 -0.167776 0.717893 0.111745 0.666329
1664954905.652435 -193.028335 -101.143011 226.695271 -0.165863 0.722793 0.111939 0.661460
1664954906.152500 -193.949626 -101.520517 226.788618 -0.168232 0.725313 0.118043 0.657027
1664954906.652500 -194.866694 -101.904874 226.894710 -0.171357 0.729827 0.120121 0.650815
1664954907.152500 -195.775984 -102.297282 227.033299 -0.174309 0.731346 0.110680 0.649999
1664954907.652500 -196.693183 -102.674662 227.161091 -0.178030 0.740581 0.112255 0.638157
1664954908.152500 -197.609043 -103.049345 227.305355 -0.173949 0.747191 0.104513 0.632870
1664954908.652500 -198.517778 -103.435592 227.463514 -0.177133 0.749587 0.111527 0.627937
1664954909.152500 -199.420057 -103.820070 227.658629 -0.178431 0.754225 0.108702 0.622488
1664954909.652500 -200.323897 -104.205237 227.844962 -0.176272 0.757162 0.108201 0.619618
1664954910.152500 -201.227575 -104.569321 228.070368 -0.174252 0.743238 0.104258 0.637467
1664954910.652500 -202.138122 -104.942081 228.249130 -0.176799 0.739748 0.106559 0.640437
1664954911.152500 -203.057136 -105.320818 228.358542 -0.175747 0.735610 0.112362 0.644489
1664954911.652500 -203.969655 -105.701461 228.508274 -0.170448 0.728966 0.103003 0.654939
1664954912.152500 -204.896826 -106.058849 228.620648 -0.169171 0.725560 0.102497 0.659119
1664954912.652500 -205.822138 -106.428176 228.706645 -0.167712 0.711688 0.111826 0.672955
1664954913.152500 -206.751889 -106.789927 228.775185 -0.163695 0.698013 0.114887 0.687592
1664954913.652500 -207.674988 -107.174284 228.787766 -0.160867 0.685552 0.120942 0.699652
1664954914.152500 -208.595839 -107.564174 228.783270 -0.160599 0.676261 0.123510 0.708255
1664954914.652500 -209.518182 -107.948411 228.742710 -0.165958 0.665881 0.127750 0.716059
1664954915.152500 -210.434862 -108.341645 228.671540 -0.159672 0.641557 0.134332 0.738149
1664954915.652500 -211.339176 -108.753770 228.560322 -0.158042 0.635092 0.132421 0.744410
1664954916.152500 -212.247263 -109.145105 228.411212 -0.159086 0.607369 0.140941 0.765461
1664954916.652500 -213.126832 -109.564047 228.185719 -0.164271 0.587076 0.148590 0.778638
1664954917.152500 -213.979082 -109.992489 227.885540 -0.154514 0.545402 0.153519 0.809379
1664954917.652500 -214.814752 -110.420338 227.541155 -0.148157 0.529707 0.151378 0.821307
1664954918.152500 -215.637946 -110.819374 227.137272 -0.140406 0.503518 0.157373 0.837848
1664954918.652500 -216.417048 -111.209957 226.646920 -0.127447 0.457464 0.162484 0.864918
1664954919.152500 -217.190917 -111.565647 226.122887 -0.127268 0.435677 0.161079 0.876380
1664954919.652500 -217.912546 -111.936802 225.538510 -0.126093 0.415599 0.162024 0.886074
1664954920.152500 -218.602622 -112.314593 224.921202 -0.122037 0.390715 0.165324 0.897283
1664954920.652500 -219.273156 -112.646886 224.257903 -0.124156 0.362605 0.171829 0.907512
1664954921.152500 -219.892138 -112.984300 223.548669 -0.119126 0.337472 0.173372 0.917531
1664954921.652500 -220.458700 -113.315443 222.794115 -0.118297 0.311470 0.178429 0.925827
1664954922.152500 -221.001395 -113.648805 222.023173 -0.122955 0.284442 0.183161 0.932967
1664954922.652500 -221.486275 -113.970749 221.210004 -0.122358 0.262469 0.189533 0.938198
1664954923.152500 -221.902968 -114.293692 220.360254 -0.117014 0.217134 0.192529 0.949786
1664954923.652500 -222.239424 -114.573304 219.461024 -0.095370 0.113018 0.209689 0.966521
1664954924.152500 -222.442805 -114.806497 218.510100 -0.091512 0.091799 0.208909 0.969307
1664954924.652500 -222.601897 -114.991376 217.540301 -0.084757 0.089998 0.209424 0.969978
1664954925.152500 -222.689459 -115.166113 216.559587 -0.076107 0.063914 0.213002 0.971984
1664954925.652500 -222.775786 -115.316796 215.574782 -0.067306 0.012266 0.217847 0.973582
1664954926.152500 -222.767833 -115.434860 214.581808 -0.062199 -0.015761 0.221507 0.973046
1664954926.652500 -222.717751 -115.528585 213.587470 -0.054230 -0.019056 0.219761 0.973859
1664954927.152500 -222.667733 -115.624197 212.593309 -0.042486 -0.018992 0.219346 0.974537
1664954927.652086 -222.634346 -115.716421 211.598130 -0.046460 -0.020996 0.215454 0.975182
1664954928.151916 -222.497006 -115.747697 210.608100 -0.035560 -0.065247 0.222811 0.972025
1664954928.651825 -222.298670 -115.739950 209.627997 -0.018655 -0.149307 0.224831 0.962710
1664954929.151757 -222.036698 -115.696931 208.663881 -0.019130 -0.160921 0.223938 0.961036
1664954929.651752 -221.725257 -115.660306 207.714321 -0.020780 -0.165936 0.223614 0.960224
1664954930.151752 -221.389555 -115.614105 206.773487 -0.018548 -0.166825 0.228360 0.958998
1664954930.651752 -221.028559 -115.549219 205.843179 -0.008274 -0.195962 0.231844 0.952774
1664954931.151752 -220.644410 -115.453217 204.924913 0.006588 -0.269846 0.224947 0.936236
1664954931.651752 -220.143921 -115.339971 204.066609 0.013355 -0.273233 0.222898 0.935672
1664954932.151752 -219.636559 -115.186451 203.218661 0.010047 -0.272613 0.223438 0.935765
1664954932.651752 -219.143180 -115.038276 202.361560 0.008939 -0.271237 0.224068 0.936026
1664954933.151752 -218.633263 -114.900520 201.512439 0.007942 -0.274178 0.220889 0.935934
1664954933.651752 -218.123821 -114.758383 200.663754 0.008706 -0.274126 0.226127 0.934690
1664954934.151631 -217.607243 -114.619427 199.818864 0.002073 -0.276679 0.227158 0.933726
1664954934.651424 -217.100934 -114.468946 198.969743 0.001953 -0.275266 0.227909 0.933960
1664954935.151333 -216.596544 -114.338668 198.116152 -0.000540 -0.263416 0.223675 0.938393
1664954935.651329 -216.122748 -114.227453 197.242568 -0.000503 -0.245261 0.224345 0.943141
1664954936.151340 -215.666378 -114.113372 196.360122 -0.006289 -0.230843 0.220707 0.947608
1664954936.651340 -215.214096 -114.007195 195.474589 -0.001320 -0.202308 0.234390 0.950858
1664954937.151340 -214.842247 -113.907761 194.551637 -0.021577 -0.188305 0.230249 0.954495
1664954937.651340 -214.522999 -113.857225 193.605314 -0.004498 -0.180521 0.217118 0.959297
1664954938.151340 -214.207052 -113.804669 192.657994 -0.017077 -0.179052 0.206545 0.961763
1664954938.651340 -213.842273 -113.755778 191.728184 -0.011291 -0.173693 0.216373 0.960669
1664954939.151340 -213.492665 -113.707718 190.792522 -0.016191 -0.176099 0.217188 0.959977
1664954939.651340 -213.152827 -113.662921 189.853105 -0.007431 -0.167834 0.224323 0.959925
1664954940.151340 -212.822844 -113.599337 188.911262 -0.014813 -0.165771 0.230973 0.958620
1664954940.651340 -212.522684 -113.547285 187.958794 -0.028724 -0.167213 0.220411 0.960538
1664954941.151340 -212.215988 -113.526233 187.007220 -0.026190 -0.155887 0.219844 0.962643
1664954941.651340 -211.980316 -113.546392 186.035596 -0.039611 -0.095259 0.221238 0.969748
1664954942.151340 -211.772618 -113.583157 185.058094 -0.037558 -0.061420 0.222521 0.972266
1664954942.651340 -211.652603 -113.639705 184.066934 -0.045243 -0.032339 0.218556 0.974238
1664954943.151340 -211.544370 -113.702431 183.074789 -0.051413 -0.007999 0.217524 0.974667
1664954943.651340 -211.487264 -113.782972 182.079675 -0.048527 0.001193 0.225286 0.973083
1664954944.151340 -211.472100 -113.872176 181.083777 -0.056740 0.014416 0.223583 0.972925
1664954944.651340 -211.479611 -113.969575 180.088560 -0.059219 0.021513 0.224177 0.972510
1664954945.151273 -211.494355 -114.090764 179.096040 -0.067204 0.029739 0.225496 0.971468
1664954945.651043 -211.496725 -114.223926 178.104949 -0.078760 0.039511 0.229253 0.969370
1664954946.150949 -211.559279 -114.404098 177.123305 -0.080007 0.048600 0.228776 0.968968
1664954946.650906 -211.675345 -114.582526 176.146221 -0.082256 0.058201 0.223030 0.969590
1664954947.150954 -211.773702 -114.762349 175.167452 -0.077222 0.081136 0.218190 0.969457
1664954947.650954 -211.919486 -114.942328 174.194644 -0.077360 0.099329 0.214818 0.968505
1664954948.150954 -212.097273 -115.131587 173.228946 -0.075827 0.118605 0.214979 0.966420
1664954948.650954 -212.303419 -115.324406 172.269611 -0.086751 0.139513 0.214106 0.962896
1664954949.150954 -212.535738 -115.557874 171.325407 -0.089695 0.148344 0.211994 0.961773
1664954949.650954 -212.780711 -115.799964 170.386588 -0.091066 0.156854 0.213227 0.960020
1664954950.150954 -213.054500 -116.036868 169.454431 -0.100313 0.164418 0.211570 0.958197
1664954950.650954 -213.354340 -116.314913 168.541860 -0.113370 0.198667 0.207693 0.951074
1664954951.150954 -213.701845 -116.612066 167.652512 -0.119401 0.233388 0.208286 0.942279
1664954951.650954 -214.073380 -116.950843 166.788109 -0.132270 0.252763 0.210761 0.934984
1664954952.150954 -214.537708 -117.299122 165.973799 -0.130902 0.269039 0.195763 0.933895
1664954952.650954 -215.009763 -117.633927 165.158281 -0.125487 0.278167 0.182257 0.934697
1664954953.150799 -215.519795 -117.964981 164.364385 -0.129282 0.287211 0.175356 0.932763
1664954953.650720 -216.034144 -118.305859 163.577462 -0.139305 0.288138 0.168868 0.932231
1664954954.150674 -216.510486 -118.649371 162.768081 -0.144156 0.290569 0.175885 0.929437
1664954954.650640 -216.993170 -119.007517 161.968864 -0.142088 0.297520 0.182592 0.926258
1664954955.150639 -217.431102 -119.416678 161.168362 -0.141693 0.298893 0.182866 0.925822
1664954955.650639 -217.876018 -119.754166 160.338814 -0.113340 0.289173 0.192782 0.930789
1664954956.150639 -218.328656 -120.067848 159.504114 -0.132056 0.247990 0.207757 0.936963
1664954956.650639 -218.766421 -120.441832 158.686498 -0.117245 0.236303 0.198524 0.943929
1664954957.150639 -219.132873 -120.734923 157.803429 -0.110784 0.209151 0.205617 0.949581
1664954957.650717 -219.425005 -121.014072 156.888697 -0.098464 0.187057 0.215276 0.953399
1664954958.150883 -219.701204 -121.234513 155.953218 -0.080708 0.160334 0.211751 0.960698
1664954958.650952 -219.920566 -121.455953 155.003037 -0.097695 0.123895 0.217693 0.963180
1664954959.151006 -220.105187 -121.674337 154.044797 -0.081082 0.093375 0.220861 0.967433
1664954959.651084 -220.228354 -121.877970 153.073528 -0.066683 0.061699 0.225602 0.969974
1664954960.151084 -220.276402 -122.014535 152.084063 -0.052371 0.021265 0.233709 0.970662
1664954960.651084 -220.243782 -122.089463 151.087408 -0.043277 0.006648 0.247698 0.967847
1664954961.151084 -220.229281 -122.153800 150.089585 -0.043412 0.005855 0.243570 0.968894
1664954961.651084 -220.211401 -122.238708 149.093356 -0.052515 0.005437 0.238556 0.969693
1664954962.151084 -220.175989 -122.342634 148.099402 -0.037287 0.004949 0.241233 0.969738
1664954962.651306 -220.196819 -122.408844 147.101814 -0.039916 0.005157 0.233718 0.971471
1664954963.151355 -220.167903 -122.473291 146.104312 -0.048083 0.006103 0.233654 0.971111
1664954963.651396 -220.149149 -122.587437 145.111025 -0.046627 0.011130 0.235446 0.970705
1664954964.151420 -220.163712 -122.661014 144.113841 -0.061065 0.010579 0.225346 0.972306
1664954964.651409 -220.181867 -122.808903 143.125004 -0.055721 0.017113 0.212559 0.975408
1664954965.151409 -220.191754 -122.932848 142.132764 -0.064047 0.019351 0.214954 0.974330
1664954965.651409 -220.197675 -123.039294 141.138463 -0.054201 0.019603 0.219192 0.973978
1664954966.151409 -220.185960 -123.125208 140.142230 -0.040867 -0.005601 0.220060 0.974614
1664954966.651409 -220.142043 -123.179427 139.144667 -0.036554 -0.036937 0.225339 0.972893
1664954967.151409 -220.015407 -123.221591 138.153614 -0.037213 -0.054692 0.230633 0.970790
1664954967.651409 -219.919436 -123.261903 137.159047 -0.027805 -0.059854 0.227266 0.971594
1664954968.151409 -219.787243 -123.275881 136.167921 -0.022663 -0.102979 0.225123 0.968608
1664954968.651409 -219.506519 -123.229143 135.209271 -0.022945 -0.129992 0.243067 0.960986
1664954969.151409 -219.329336 -123.197992 134.225586 0.042624 -0.152905 0.213925 0.963867
1664954969.651409 -219.122074 -123.081385 133.254275 0.012846 -0.182987 0.185184 0.965431
1664954970.151409 -218.750727 -122.960633 132.333667 0.012182 -0.221274 0.185196 0.957388
1664954970.651409 -218.299647 -122.850160 131.448047 0.008523 -0.236106 0.196297 0.951656
1664954971.151409 -217.834632 -122.750654 130.568354 -0.002472 -0.237575 0.201651 0.950205
1664954971.651409 -217.395775 -122.656995 129.674691 0.004896 -0.224428 0.200638 0.953600
1664954972.151409 -216.963875 -122.556952 128.778336 -0.001486 -0.208504 0.201297 0.957081
1664954972.651409 -216.576084 -122.478877 127.859901 0.003360 -0.199565 0.202638 0.958697
1664954973.151409 -216.176404 -122.378029 126.948810 -0.003668 -0.195215 0.208761 0.958278
1664954973.651409 -215.798526 -122.301625 126.026113 -0.004425 -0.191502 0.208311 0.959121
1664954974.151409 -215.420745 -122.231037 125.102913 -0.004026 -0.187592 0.208160 0.959928
1664954974.651409 -215.060350 -122.148803 124.173745 -0.000036 -0.186212 0.208004 0.960239
1664954975.151409 -214.688490 -122.051991 123.250518 0.003344 -0.213880 0.207453 0.954572
1664954975.651409 -214.278738 -121.955269 122.343464 0.011631 -0.229519 0.208660 0.950603
1664954976.151409 -213.823599 -121.844542 121.459955 0.015356 -0.261741 0.208450 0.942234
1664954976.651409 -213.342225 -121.704286 120.594734 0.016469 -0.279389 0.207714 0.937297
1664954977.151409 -212.834130 -121.547660 119.747793 0.012503 -0.269807 0.209977 0.939658
1664954977.651189 -212.336541 -121.413296 118.890850 0.000815 -0.252591 0.206041 0.945380
1664954978.151122 -211.879899 -121.293995 118.009235 -0.002494 -0.247615 0.194791 0.949072
1664954978.651137 -211.426055 -121.213942 117.121757 -0.004085 -0.240144 0.193791 0.951188
1664954979.151220 -210.965179 -121.137397 116.237600 -0.013440 -0.236082 0.192685 0.952343
1664954979.651225 -210.559776 -121.053481 115.327321 0.004399 -0.227671 0.180880 0.956780
1664954980.151225 -210.182203 -120.973243 114.404825 -0.008997 -0.228121 0.163305 0.959798
1664954980.651225 -209.753947 -120.926882 113.502357 -0.012508 -0.228632 0.161422 0.959955
1664954981.151267 -209.304669 -120.884079 112.609991 -0.012765 -0.228867 0.163436 0.959555
1664954981.651546 -208.858746 -120.841707 111.715923 -0.022891 -0.231174 0.165101 0.958528
1664954982.151713 -208.387669 -120.819805 110.834103 -0.031621 -0.219750 0.180781 0.958138
1664954982.651911 -207.960437 -120.790976 109.930421 -0.005869 -0.200926 0.187589 0.961460
1664954983.152074 -207.560410 -120.697474 109.018699 -0.016716 -0.197047 0.186250 0.962395
1664954983.652074 -207.185169 -120.650139 108.092982 -0.025431 -0.197713 0.185776 0.962159
1664954984.152074 -206.753082 -120.627520 107.191434 -0.020085 -0.217055 0.204676 0.954249
1664954984.652074 -206.304091 -120.561472 106.300342 -0.013852 -0.220046 0.220887 0.950051
1664954985.152074 -205.868521 -120.486031 105.403353 -0.009200 -0.217557 0.227630 0.949088
1664954985.652500 -205.475321 -120.407829 104.487232 -0.003365 -0.218864 0.216059 0.951528
1664954986.152500 -205.119445 -120.350812 103.554440 -0.007407 -0.213174 0.193222 0.957689
1664954986.652500 -204.722648 -120.276159 102.639574 -0.010189 -0.197235 0.191037 0.961509
1664954987.152500 -204.353310 -120.222361 101.711838 -0.006386 -0.169707 0.195740 0.965839
1664954987.652500 -204.003816 -120.168826 100.776430 -0.023479 -0.133216 0.205828 0.969194
1664954988.152500 -203.716700 -120.138573 99.819012 -0.025030 -0.100962 0.220729 0.969773
1664954988.652500 -203.517984 -120.136910 98.838956 -0.029639 -0.086293 0.222443 0.970667
1664954989.152500 -203.365018 -120.167721 97.851205 -0.021401 -0.065939 0.218037 0.973475
1664954989.652500 -203.272065 -120.200169 96.856064 -0.034707 -0.055727 0.203817 0.976805
1664954990.152500 -203.148077 -120.236488 95.864445 -0.040984 -0.051866 0.203091 0.976926
1664954990.652500 -203.018677 -120.269653 94.873407 -0.027425 -0.043491 0.208833 0.976599
1664954991.152500 -202.893392 -120.291815 93.881534 -0.024858 -0.068753 0.208115 0.975368
1664954991.652500 -202.750415 -120.292848 92.891808 -0.014780 -0.088809 0.211241 0.973279
1664954992.152500 -202.574467 -120.263580 91.907844 -0.001629 -0.094025 0.210804 0.972995
1664954992.652500 -202.409272 -120.228869 90.922194 -0.011497 -0.117506 0.202396 0.972161
1664954993.152500 -202.154126 -120.195758 89.955859 -0.020938 -0.126709 0.205471 0.970200
1664954993.652500 -201.854393 -120.158511 89.002563 -0.008883 -0.149242 0.215141 0.965071
1664954994.152500 -201.594458 -120.116704 88.037842 -0.010978 -0.153884 0.208104 0.965863
1664954994.652500 -201.326171 -120.074231 87.075440 -0.004963 -0.155171 0.205165 0.966336
1664954995.152500 -201.049547 -120.017648 86.116129 0.003450 -0.153535 0.199022 0.967887
1664954995.652500 -200.774917 -119.947762 85.157122 -0.003332 -0.151433 0.192932 0.969450
1664954996.152184 -200.458485 -119.881634 84.210815 0.002371 -0.165983 0.204086 0.964776
1664954996.652111 -200.168998 -119.808662 83.256418 -0.006747 -0.170195 0.196191 0.965659
1664954997.152106 -199.843774 -119.756215 82.312237 -0.007523 -0.161067 0.194684 0.967522
1664954997.652138 -199.525651 -119.715188 81.365076 -0.009286 -0.153275 0.190891 0.969526
1664954998.152151 -199.202082 -119.681508 80.419470 -0.013961 -0.147289 0.190733 0.970429
1664954998.652151 -198.940080 -119.644180 79.455125 -0.010428 -0.138560 0.190201 0.971862
1664954999.152151 -198.607598 -119.559599 78.515816 -0.015603 -0.142525 0.210336 0.967058
1664954999.652151 -198.252716 -119.506412 77.582419 -0.012125 -0.181440 0.215488 0.959426
1664955000.152151 -197.772729 -119.369813 76.715844 0.008729 -0.295169 0.208044 0.932479
1664955000.652151 -197.151101 -119.141467 75.966553 0.041046 -0.347838 0.228348 0.908395
1664955001.152151 -196.595986 -118.968106 75.153046 0.072607 -0.381368 0.203706 0.898772
1664955001.652151 -195.902177 -118.624695 74.520039 0.052130 -0.401596 0.204132 0.891254
1664955002.152151 -195.232766 -118.387777 73.815938 0.054710 -0.421529 0.186120 0.885821
1664955002.652151 -194.496866 -118.089208 73.208231 0.067895 -0.474070 0.182470 0.858692
1664955003.152151 -193.612312 -117.831099 72.819714 0.089843 -0.585725 0.170548 0.787254
1664955003.652151 -192.777162 -117.450650 72.422496 0.105335 -0.647990 0.162311 0.736660
1664955004.152151 -191.859458 -117.080847 72.277361 0.109995 -0.664522 0.159024 0.721819
1664955004.652151 -190.940806 -116.692562 72.204471 0.111468 -0.666346 0.161090 0.719450
1664955005.152151 -190.016778 -116.316822 72.133810 0.110567 -0.669967 0.159345 0.716609
1664955005.652151 -189.091159 -115.952168 72.032535 0.113437 -0.675632 0.157479 0.711234
1664955006.152151 -188.165518 -115.574000 72.019225 0.112217 -0.688662 0.152085 0.700016
1664955006.652151 -187.236262 -115.209150 71.961184 0.114582 -0.689235 0.154105 0.698626
1664955007.152151 -186.310367 -114.833532 71.920831 0.113367 -0.689918 0.152721 0.698453
1664955007.652151 -185.381617 -114.463560 71.897489 0.111798 -0.690570 0.151637 0.698298
1664955008.152151 -184.447920 -114.105818 71.882267 0.114008 -0.691158 0.150668 0.697569
1664955008.652151 -183.531712 -113.705476 71.899230 0.118237 -0.691267 0.151527 0.696570
1664955009.152151 -182.608599 -113.321783 71.873887 0.119339 -0.689528 0.152768 0.697833
1664955009.652151 -181.685376 -112.938565 71.845546 0.115333 -0.688991 0.151497 0.699313
1664955010.152151 -180.768047 -112.541367 71.872793 0.113808 -0.688522 0.150668 0.700203
1664955010.652151 -179.840817 -112.166876 71.873438 0.111035 -0.689113 0.148402 0.700550
1664955011.152151 -178.913044 -111.795060 71.841983 0.110148 -0.688013 0.153633 0.700644
1664955011.652151 -178.001656 -111.385351 71.880852 0.111675 -0.686776 0.158647 0.700499
1664955012.152067 -177.076281 -111.009576 71.831107 0.113455 -0.684083 0.158314 0.702919
1664955012.651822 -176.150189 -110.635412 71.782583 0.111562 -0.682283 0.157215 0.705214
1664955013.151767 -175.218131 -110.284369 71.692931 0.107656 -0.679705 0.156602 0.708440
1664955013.651773 -174.288940 -109.917143 71.651116 0.106786 -0.678233 0.157850 0.709705
1664955014.151769 -173.367947 -109.535207 71.574333 0.106965 -0.676135 0.157217 0.711817
1664955014.651769 -172.447408 -109.147555 71.526012 0.107670 -0.674312 0.157897 0.713287
1664955015.151769 -171.525029 -108.770256 71.443176 0.106659 -0.671973 0.158042 0.715611
1664955015.651769 -170.597161 -108.402322 71.382467 0.106312 -0.671351 0.158461 0.716154
1664955016.151769 -169.663514 -108.053054 71.302994 0.105126 -0.668573 0.156939 0.719256
1664955016.651769 -168.737877 -107.689819 71.196897 0.105754 -0.665732 0.159183 0.721302
1664955017.151769 -167.804317 -107.338013 71.128352 0.104821 -0.663311 0.161541 0.723143
1664955017.651769 -166.883962 -106.954516 71.051689 0.105333 -0.661406 0.162875 0.724513
1664955018.151769 -165.960559 -106.593544 70.921205 0.104113 -0.658433 0.163206 0.727318
1664955018.651769 -165.040567 -106.218208 70.808348 0.104119 -0.656230 0.164987 0.728904
1664955019.151769 -164.121239 -105.843084 70.689526 0.103770 -0.653678 0.167592 0.730650
1664955019.651769 -163.203602 -105.458912 70.587774 0.099460 -0.652781 0.165546 0.732515
1664955020.151769 -162.292214 -105.063009 70.475377 0.099697 -0.649864 0.167931 0.734532
1664955020.651769 -161.372066 -104.697985 70.333655 0.097292 -0.647686 0.169130 0.736500
1664955021.151769 -160.450335 -104.332394 70.204215 0.096835 -0.645733 0.170321 0.737999
1664955021.651769 -159.536948 -103.963383 70.032300 0.098237 -0.642594 0.170480 0.740513
1664955022.151769 -158.634155 -103.562791 69.875803 0.097893 -0.639722 0.169654 0.743230
1664955022.651769 -157.722286 -103.182006 69.722514 0.097062 -0.637955 0.171856 0.744351
1664955023.151769 -156.813352 -102.805620 69.543146 0.097449 -0.634937 0.172860 0.746644
1664955023.651769 -155.900113 -102.438924 69.365585 0.095505 -0.632384 0.173756 0.748851
1664955024.151769 -154.987708 -102.071678 69.184897 0.093257 -0.630225 0.175362 0.750578
1664955024.651769 -154.078194 -101.710591 68.978985 0.091339 -0.627650 0.177185 0.752541
1664955025.151769 -153.167399 -101.345040 68.787088 0.088725 -0.626207 0.176169 0.754293
1664955025.651769 -152.259271 -100.987046 68.569959 0.088093 -0.622856 0.177802 0.756754
1664955026.151769 -151.346166 -100.613849 68.405755 0.079603 -0.619366 0.191214 0.757289
1664955026.651769 -150.435176 -100.256238 68.200299 0.063361 -0.619096 0.189745 0.759410
1664955027.151769 -149.520340 -99.921757 67.974032 0.060522 -0.615571 0.188917 0.762705
1664955027.651621 -148.612208 -99.561947 67.759942 0.067947 -0.629881 0.186590 0.750877
1664955028.151431 -147.699723 -99.215439 67.542453 0.079915 -0.641961 0.181767 0.740581
1664955028.651403 -146.795516 -98.843396 67.332704 0.087287 -0.647309 0.177112 0.736209
1664955029.151428 -145.876114 -98.496192 67.147907 0.087993 -0.647002 0.174236 0.737080
1664955029.651448 -144.956343 -98.122735 67.027283 0.091507 -0.657189 0.176099 0.727130
1664955030.151448 -144.038852 -97.745568 66.900964 0.092569 -0.660398 0.173992 0.724591
1664955030.651448 -143.114301 -97.383608 66.781842 0.096388 -0.665319 0.171931 0.720069
1664955031.151448 -142.190362 -97.017459 66.671063 0.096745 -0.673646 0.168040 0.713165
1664955031.651448 -141.262741 -96.646575 66.626750 0.101820 -0.682505 0.170902 0.703287
1664955032.151448 -140.345001 -96.251726 66.583771 0.107017 -0.694793 0.169034 0.690824
1664955032.651448 -139.426897 -95.855443 66.577086 0.113254 -0.707830 0.169066 0.676437
1664955033.151448 -138.512568 -95.450979 66.597384 0.119568 -0.723383 0.164755 0.659755
1664955033.651448 -137.610908 -95.028182 66.688220 0.123063 -0.736038 0.166357 0.644537
1664955034.151448 -136.703236 -94.622185 66.794511 0.127858 -0.747219 0.168909 0.629909
1664955034.651448 -135.807088 -94.206100 66.948760 0.129099 -0.759515 0.164761 0.615893
1664955035.151448 -134.916734 -93.790020 67.133548 0.130873 -0.762703 0.165191 0.611447
1664955035.651448 -134.035482 -93.368877 67.348105 0.137473 -0.774099 0.166383 0.595138
1664955036.151448 -133.169157 -92.938918 67.602301 0.137602 -0.776324 0.168308 0.591658
1664955036.651755 -132.288173 -92.520927 67.823999 0.137535 -0.776250 0.165900 0.592450
1664955037.151876 -131.417154 -92.114457 68.099877 0.136744 -0.777104 0.164054 0.592027
1664955037.651947 -130.544339 -91.687882 68.337002 0.136174 -0.776000 0.160777 0.594501
1664955038.151992 -129.662924 -91.271914 68.560783 0.139792 -0.773329 0.162321 0.596718
1664955038.651995 -128.798751 -90.836316 68.812693 0.141816 -0.770720 0.164391 0.599045
1664955039.151995 -127.930528 -90.407828 69.062867 0.139850 -0.769322 0.158982 0.602752
1664955039.651995 -127.059436 -89.974185 69.293414 0.142858 -0.766806 0.159200 0.605191
1664955040.151995 -126.189918 -89.526734 69.502523 0.145719 -0.763794 0.159950 0.608113
1664955040.651995 -125.309016 -89.099855 69.706938 0.144087 -0.761407 0.159720 0.611545
1664955041.151995 -124.432327 -88.679316 69.940529 0.144101 -0.759654 0.159311 0.613825
1664955041.651995 -123.542519 -88.251335 70.098876 0.146805 -0.755593 0.159284 0.618188
1664955042.151995 -122.657811 -87.814106 70.260501 0.148050 -0.751883 0.158862 0.622508
1664955042.651995 -121.775316 -87.368394 70.410642 0.147366 -0.749431 0.160440 0.625216
1664955043.151995 -120.891208 -86.926431 70.562375 0.149247 -0.746057 0.162306 0.628315
1664955043.651995 -119.995064 -86.510887 70.718097 0.147954 -0.744294 0.160016 0.631293
1664955044.151995 -119.105849 -86.078308 70.867000 0.147276 -0.742122 0.161184 0.633707
1664955044.651995 -118.219237 -85.639357 71.012739 0.147258 -0.740534 0.159467 0.635999
1664955045.151995 -117.328497 -85.203303 71.140960 0.148161 -0.731710 0.163661 0.644875
1664955045.651995 -116.442175 -84.757495 71.266211 0.140826 -0.716330 0.164739 0.663250
1664955046.151995 -115.537298 -84.340342 71.350952 0.138413 -0.703137 0.170470 0.676299
1664955046.651995 -114.639771 -83.900107 71.325677 0.131767 -0.684325 0.172836 0.696035
1664955047.151995 -113.727487 -83.493921 71.273238 0.127506 -0.666659 0.177421 0.712622
1664955047.651995 -112.816827 -83.088986 71.191218 0.122731 -0.658531 0.177753 0.720887
1664955048.151995 -111.919362 -82.659107 71.092425 0.123258 -0.653989 0.179093 0.724590
1664955048.651995 -111.020564 -82.234253 70.984442 0.124135 -0.655894 0.178223 0.722932
1664955049.151995 -110.124155 -81.802963 70.882264 0.124960 -0.656804 0.179312 0.721693
1664955049.651995 -109.234965 -81.350389 70.815052 0.127805 -0.661515 0.177781 0.717257
1664955050.151995 -108.357027 -80.902101 70.646932 0.129506 -0.667863 0.177066 0.711221
1664955050.651995 -107.453480 -80.480114 70.572586 0.129207 -0.669287 0.177482 0.709831
1664955051.151995 -106.547603 -80.065661 70.485315 0.126968 -0.669294 0.175517 0.710717
1664955051.651995 -105.642880 -79.643152 70.430877 0.128060 -0.668694 0.177706 0.710542
1664955052.151995 -104.740406 -79.216404 70.372334 0.125707 -0.668880 0.176395 0.711113
1664955052.651995 -103.835983 -78.794857 70.306636 0.125634 -0.667832 0.178866 0.711493
1664955053.151995 -102.940672 -78.358625 70.216524 0.126266 -0.665684 0.178582 0.713463
1664955053.651995 -102.041521 -77.928518 70.135685 0.125475 -0.664031 0.177713 0.715358
1664955054.151995 -101.159305 -77.462312 70.069754 0.128342 -0.661818 0.180523 0.716196
1664955054.651995 -100.261732 -77.035320 69.960026 0.128285 -0.659929 0.178325 0.718496
1664955055.151995 -99.365349 -76.596912 69.894476 0.127035 -0.659467 0.178846 0.719013
1664955055.651995 -98.465523 -76.170445 69.802609 0.126543 -0.657267 0.180522 0.720694
1664955056.151995 -97.567415 -75.738859 69.718141 0.124308 -0.656521 0.180614 0.721738
1664955056.651806 -96.665515 -75.319517 69.614563 0.125860 -0.665314 0.179973 0.713531
1664955057.151639 -95.776825 -74.873586 69.507907 0.127856 -0.671786 0.179605 0.707176
1664955057.651563 -94.875566 -74.441402 69.477091 0.130342 -0.678667 0.180931 0.699775
1664955058.151497 -93.969652 -74.022558 69.414727 0.131251 -0.681469 0.180267 0.697049
1664955058.651451 -93.064776 -73.598054 69.383172 0.129173 -0.680736 0.177081 0.698967
1664955059.151451 -92.167032 -73.160819 69.329498 0.132457 -0.678091 0.178582 0.700540
1664955059.651451 -91.267948 -72.723930 69.301640 0.132804 -0.676941 0.180731 0.701035
1664955060.151451 -90.367906 -72.292289 69.241542 0.131983 -0.674957 0.178987 0.703546
1664955060.651451 -89.465719 -71.863463 69.195005 0.129738 -0.673666 0.177918 0.705470
1664955061.151451 -88.571577 -71.417519 69.154464 0.128763 -0.673061 0.178987 0.705956
1664955061.651451 -87.664568 -71.000497 69.095909 0.127916 -0.671113 0.178724 0.708027
1664955062.151451 -86.758831 -70.580669 69.037734 0.127848 -0.669210 0.178101 0.709995
1664955062.651451 -85.855875 -70.155925 68.972445 0.127199 -0.666726 0.177730 0.712537
1664955063.151451 -84.951926 -69.735159 68.896075 0.124379 -0.664757 0.179108 0.714527
1664955063.651451 -84.050461 -69.304769 68.849966 0.124914 -0.663222 0.179964 0.715644
1664955064.151451 -83.164387 -68.859418 68.721375 0.124469 -0.660742 0.180803 0.717801
1664955064.651451 -82.267500 -68.425953 68.633623 0.126001 -0.663490 0.181670 0.714773
1664955065.151451 -81.361571 -68.010943 68.549599 0.125953 -0.674910 0.178267 0.704878
1664955065.651451 -80.459269 -67.583116 68.496547 0.127375 -0.675175 0.178110 0.704409
1664955066.151451 -79.561170 -67.146633 68.442678 0.129231 -0.677692 0.178343 0.701588
1664955066.651451 -78.670519 -66.692161 68.456634 0.126790 -0.678784 0.177745 0.701130
1664955067.151451 -77.764236 -66.271560 68.414838 0.129978 -0.679561 0.180289 0.699141
1664955067.651451 -76.867945 -65.839003 68.317081 0.130850 -0.677886 0.179416 0.700827
1664955068.151339 -75.976916 -65.393189 68.231537 0.130319 -0.677391 0.179429 0.701401
1664955068.651145 -75.083901 -64.944867 68.192402 0.129609 -0.676812 0.179208 0.702147
1664955069.151049 -74.184308 -64.511871 68.135419 0.128453 -0.675689 0.179875 0.703271
1664955069.650996 -73.275838 -64.100145 68.063567 0.128009 -0.674303 0.179277 0.704832
1664955070.150947 -72.375974 -63.666054 68.021014 0.126667 -0.671633 0.181107 0.707153
1664955070.650887 -71.472473 -63.245222 67.939864 0.125973 -0.668414 0.180891 0.710375
1664955071.150743 -70.567356 -62.831840 67.840471 0.127852 -0.665113 0.180995 0.713105
1664955071.650671 -69.664667 -62.408160 67.765318 0.124499 -0.664004 0.178905 0.715257
1664955072.150633 -68.759785 -61.984440 67.724689 0.123522 -0.662915 0.179826 0.716205
1664955072.650622 -67.860068 -61.555745 67.642656 0.122879 -0.660542 0.180413 0.718357
1664955073.150622 -66.962017 -61.137477 67.506436 0.122321 -0.660819 0.180094 0.718277
1664955073.650622 -66.061963 -60.702342 67.482747 0.123024 -0.665786 0.183317 0.712733
1664955074.150622 -65.162718 -60.280828 67.365767 0.123732 -0.665167 0.186069 0.712476
1664955074.650622 -64.262166 -59.849627 67.310349 0.123990 -0.665805 0.185894 0.711880
1664955075.150622 -63.371366 -59.407414 67.205832 0.123595 -0.664747 0.186335 0.712822
1664955075.650622 -62.470859 -58.983637 67.108366 0.121790 -0.663893 0.187172 0.713708
1664955076.150622 -61.565676 -58.563165 67.046339 0.121765 -0.663379 0.188271 0.713901
1664955076.650622 -60.668587 -58.128479 66.967095 0.122594 -0.662575 0.189285 0.714238
1664955077.150622 -59.767960 -57.699854 66.895321 0.120146 -0.662149 0.191584 0.714436
1664955077.650622 -58.867791 -57.274542 66.801482 0.116717 -0.661217 0.192811 0.715537
1664955078.150622 -57.973386 -56.838305 66.702812 0.118532 -0.659710 0.195344 0.715943
1664955078.650622 -57.073669 -56.414418 66.598746 0.121611 -0.666509 0.195252 0.709121
1664955079.150622 -56.179373 -55.976780 66.505435 0.121270 -0.669183 0.195344 0.706632
1664955079.650622 -55.285974 -55.533692 66.431195 0.121586 -0.669347 0.195056 0.706501
1664955080.150766 -54.394899 -55.095652 66.312424 0.123859 -0.668032 0.193593 0.707753
1664955080.650862 -53.497571 -54.664569 66.217719 0.121344 -0.667098 0.190170 0.709994
1664955081.150931 -52.599399 -54.231333 66.142914 0.120527 -0.666634 0.190924 0.710366
1664955081.650939 -51.705278 -53.791558 66.058385 0.123448 -0.664926 0.192802 0.710958
1664955082.150934 -50.815522 -53.348215 65.949849 0.124664 -0.662934 0.191825 0.712867
1664955082.650934 -49.892061 -52.969964 65.885455 0.119771 -0.663030 0.190291 0.714027
1664955083.150934 -48.981155 -52.559316 65.845237 0.117666 -0.662261 0.188569 0.715547
1664955083.650889 -48.078215 -52.143157 65.737941 0.114581 -0.661296 0.184996 0.717868
1664955084.150770 -47.181503 -51.720316 65.607127 0.116980 -0.659013 0.185973 0.719327
1664955084.650751 -46.274650 -51.318000 65.481594 0.123003 -0.654540 0.187798 0.721928
1664955085.150757 -45.381805 -50.876431 65.393019 0.126129 -0.652282 0.189678 0.722940
1664955085.650757 -44.496752 -50.434011 65.248293 0.125935 -0.650185 0.185998 0.725813
1664955086.150757 -43.604867 -49.984325 65.200093 0.123706 -0.650043 0.191834 0.724804
1664955086.650757 -42.726666 -49.527915 65.057072 0.125356 -0.647970 0.187162 0.727592
1664955087.150757 -41.832887 -49.109902 64.894519 0.125007 -0.646928 0.185533 0.728995
1664955087.650757 -40.937918 -48.676095 64.790400 0.122263 -0.657886 0.182216 0.720441
1664955088.150757 -40.040447 -48.247164 64.687618 0.125687 -0.664276 0.182079 0.713994
1664955088.650757 -39.138876 -47.821100 64.612517 0.127832 -0.666894 0.183970 0.710681
1664955089.150757 -38.232615 -47.401170 64.564050 0.124350 -0.669462 0.181216 0.709590
1664955089.650757 -37.330658 -46.974052 64.500458 0.127749 -0.667689 0.182885 0.710229
1664955090.150757 -36.440490 -46.520468 64.457295 0.123971 -0.668043 0.182549 0.710651
1664955090.650757 -35.537668 -46.102929 64.354466 0.126951 -0.667166 0.180880 0.711375
1664955091.150757 -34.645332 -45.657267 64.282904 0.131606 -0.666729 0.186040 0.709606
1664955091.650757 -33.761346 -45.191387 64.321950 0.129775 -0.667988 0.184164 0.709249
1664955092.150757 -33.194584 -44.462448 64.705915 0.127965 -0.667835 0.183280 0.709950
1664955092.650757 -32.289288 -44.043694 64.634620 0.127965 -0.667835 0.183280 0.709950
1664955093.150757 -31.515080 -43.977112 65.264041 0.982201 -0.014083 -0.078706 -0.169966
1664955093.650757 -30.527866 -43.978022 65.104643 0.982201 -0.014083 -0.078706 -0.169966
1664955094.150757 -29.564806 -43.920180 64.841644 0.982201 -0.014083 -0.078706 -0.169966
1664955094.650757 -29.316803 -43.752581 63.887492 0.982201 -0.014083 -0.078706 -0.169966
1664955095.150757 -29.912876 -43.415583 63.158706 0.982201 -0.014083 -0.078706 -0.169966
