1664954577.852126 0.007598 0.000456 -0.052544 0.000220 -0.000570 0.000109 1.000000
1664954578.352126 0.018231 -0.000808 -0.106136 0.000318 -0.001308 0.000166 0.999999
1664954578.852126 0.015114 0.000565 -0.150610 0.000632 -0.001147 0.000341 0.999999
1664954579.352126 0.013963 -0.000971 -0.202779 0.000644 -0.001255 0.000538 0.999999
1664954579.852126 0.010967 0.003538 -0.260005 0.000989 -0.001283 0.000604 0.999999
1664954580.352126 0.023525 0.005019 -0.318522 0.001145 -0.002065 0.000546 0.999997
1664954580.852126 0.023648 0.003019 -0.477251 0.001165 -0.002576 0.000782 0.999996
1664954581.352126 0.025740 0.010465 -0.714755 0.001949 -0.002165 0.000143 0.999996
1664954581.852126 0.026787 0.008092 -0.975760 -0.000348 -0.002441 0.000044 0.999997
1664954582.352126 0.031456 0.005636 -1.305162 -0.002562 -0.001753 0.002416 0.999992
1664954582.852126 0.044267 0.007441 -1.673153 -0.000698 -0.001762 0.003238 0.999993
1664954583.352126 0.051599 0.011577 -2.082719 -0.002106 0.005266 0.005506 0.999969
1664954583.852126 0.052965 0.017114 -2.398267 -0.005774 0.031792 0.006342 0.999458
1664954584.352126 0.019963 0.012639 -2.773316 -0.000682 0.046417 0.004386 0.998912
1664954584.852126 -0.035823 0.011766 -3.166335 -0.004569 0.076430 0.002235 0.997062
1664954585.352126 -0.096302 0.001286 -3.552443 -0.009997 0.104133 0.000869 0.994513
1664954585.852126 -0.225231 -0.011768 -4.022500 -0.008998 0.114572 -0.002475 0.993371
1664954586.352126 -0.317034 -0.008351 -4.505358 -0.011376 0.118159 -0.001043 0.992929
1664954586.852126 -0.443146 -0.025447 -5.108084 -0.008556 0.098080 -0.001615 0.995140
1664954587.352126 -0.523934 -0.010943 -5.567549 -0.008381 0.062209 0.000054 0.998028
1664954587.852126 -0.569170 -0.018513 -6.103175 -0.010388 0.050176 0.002984 0.998682
1664954588.352126 -0.619497 -0.020943 -6.623909 -0.010812 0.044983 0.005324 0.998915
1664954588.852126 -0.675794 -0.037314 -7.235215 -0.011344 0.041945 0.003928 0.999048
1664954589.352126 -0.694268 -0.050716 -7.852354 -0.008301 0.031180 0.007851 0.999448
1664954589.852126 -0.709244 -0.074955 -8.461705 -0.004887 0.017658 0.012399 0.999755
1664954590.352126 -0.718983 -0.072021 -9.009251 -0.010719 -0.000769 0.013178 0.999855
1664954590.852126 -0.727000 -0.082313 -9.502630 -0.009908 -0.031627 0.007534 0.999422
1664954591.352126 -0.696072 -0.091164 -10.029691 -0.013053 -0.053831 0.004870 0.998453
1664954591.852126 -0.622623 -0.107432 -10.585190 -0.004609 -0.087850 0.005253 0.996109
1664954592.352126 -0.534011 -0.122010 -11.098706 -0.009311 -0.115545 0.004581 0.993248
1664954592.852126 -0.416201 -0.133368 -11.622873 -0.011011 -0.144333 0.004051 0.989460
1664954593.352500 -0.274897 -0.142920 -12.022035 -0.003880 -0.208656 0.004642 0.977970
1664954593.852500 -0.222615 -0.142882 -12.136908 -0.006832 -0.253340 0.005011 0.967340
1664954594.352500 -0.137736 -0.142417 -12.289112 -0.006884 -0.264751 0.005368 0.964277
1664954594.852500 -0.015339 -0.140400 -12.510877 -0.007353 -0.280487 0.004887 0.959817
1664954595.352500 0.160288 -0.145611 -12.785382 -0.007957 -0.310345 0.005828 0.950573
1664954595.852500 0.350878 -0.144989 -13.022921 -0.004909 -0.391115 0.003941 0.920320
1664954596.352500 0.473948 -0.149496 -13.169598 -0.007611 -0.456797 0.003170 0.889533
1664954596.852500 0.654334 -0.152032 -13.284298 -0.008759 -0.523244 0.003646 0.852130
1664954597.352500 0.840079 -0.153101 -13.393223 -0.005017 -0.555081 0.002454 0.831778
1664954597.852500 1.045894 -0.152091 -13.488405 -0.005996 -0.592836 0.002691 0.805297
1664954598.352500 1.277906 -0.150256 -13.573564 -0.003862 -0.618848 0.003759 0.785492
1664954598.852500 1.422440 -0.116312 -13.588304 -0.052362 -0.624455 -0.018835 0.779076
1664954599.352500 1.567422 -0.115893 -13.610058 -0.095184 -0.619877 -0.048484 0.777394
1664954599.852500 1.669488 -0.122467 -13.637446 -0.146359 -0.603822 -0.098711 0.777325
1664954600.352500 1.881961 -0.220120 -13.625879 -0.159444 -0.583684 -0.077437 0.792397
1664954600.852500 2.059040 -0.284503 -13.684069 -0.172908 -0.586010 -0.094525 0.785977
1664954601.352500 2.240268 -0.375388 -13.834227 -0.178274 -0.663399 -0.078004 0.722520
1664954601.852500 2.441996 -0.471268 -13.878586 -0.175597 -0.669121 -0.086198 0.716947
1664954602.352500 2.520732 -0.504742 -13.854085 -0.173284 -0.641521 -0.089510 0.741897
1664954602.852500 2.615775 -0.522515 -13.816396 -0.173605 -0.573718 -0.104441 0.793600
1664954603.352500 2.722147 -0.570249 -13.911419 -0.165696 -0.575663 -0.130556 0.790008
1664954603.852500 2.718034 -0.567328 -13.907661 -0.171448 -0.573062 -0.130782 0.790633
1664954604.352500 2.742402 -0.578295 -13.907755 -0.171873 -0.561928 -0.136846 0.797477
1664954604.852500 3.064019 -0.767048 -14.004880 -0.114695 -0.570182 -0.095637 0.807831
1664954605.352500 3.595717 -0.907172 -14.235524 -0.032062 -0.582212 -0.057081 0.810397
1664954605.852500 4.017370 -0.956856 -14.378755 -0.040024 -0.579958 -0.058083 0.811587
1664954606.352500 4.352474 -0.999571 -14.495161 -0.037813 -0.570713 -0.059678 0.818105
1664954606.852500 4.617693 -1.028897 -14.598170 -0.039144 -0.561394 -0.064209 0.824125
1664954607.352500 4.813556 -1.064682 -14.663934 -0.037454 -0.533729 -0.063488 0.842437
1664954607.852500 5.068358 -1.098986 -14.763624 -0.042563 -0.513780 -0.067942 0.854168
1664954608.352500 5.391673 -1.150759 -14.937641 -0.039403 -0.505328 -0.066653 0.859446
1664954608.852500 5.795206 -1.242097 -15.153142 -0.039839 -0.498513 -0.066018 0.863446
1664954609.352500 6.205548 -1.300171 -15.390581 -0.033924 -0.471996 -0.062720 0.878712
1664954609.852500 6.574411 -1.346789 -15.629370 -0.034192 -0.450529 -0.070385 0.889326
1664954610.352500 6.995140 -1.407310 -15.916122 -0.029882 -0.445185 -0.062844 0.892731
1664954610.852500 7.382867 -1.465321 -16.210694 -0.037503 -0.451507 -0.061964 0.889323
1664954611.352500 7.775407 -1.506428 -16.493362 -0.032519 -0.449139 -0.059597 0.890879
1664954611.852500 8.174428 -1.543913 -16.785961 -0.025291 -0.442870 -0.059731 0.894237
1664954612.352500 8.535182 -1.561158 -17.074126 -0.015871 -0.421634 -0.059220 0.904691
1664954612.852500 8.888700 -1.589336 -17.374680 -0.006346 -0.412543 -0.054615 0.909277
1664954613.352500 9.260868 -1.612447 -17.713718 0.002971 -0.406034 -0.054274 0.912240
1664954613.852500 9.610357 -1.610766 -18.047856 0.009143 -0.407127 -0.055268 0.911652
1664954614.352500 10.021695 -1.613446 -18.413832 0.021629 -0.408291 -0.056154 0.910866
1664954614.852500 10.397302 -1.626258 -18.754786 0.020657 -0.405501 -0.057116 0.912075
1664954615.352500 10.822141 -1.633834 -19.101135 0.022216 -0.404076 -0.058043 0.912612
1664954615.852500 11.232294 -1.642069 -19.459336 0.020530 -0.406059 -0.060227 0.911629
1664954616.352500 11.656115 -1.646141 -19.829953 0.031389 -0.407273 -0.055397 0.911084
1664954616.852500 12.032278 -1.648165 -20.152439 0.029388 -0.407927 -0.055900 0.910828
1664954617.352500 12.418210 -1.641277 -20.489055 0.034119 -0.414675 -0.058022 0.907477
1664954617.852500 12.784415 -1.634834 -20.824135 0.038588 -0.417500 -0.049898 0.906485
1664954618.352500 13.155267 -1.601908 -21.140795 0.040360 -0.450529 -0.052448 0.890305
1664954618.852500 13.532544 -1.578321 -21.411357 0.041087 -0.465482 -0.049484 0.882717
1664954619.352500 13.922739 -1.547795 -21.669366 0.041365 -0.475350 -0.049612 0.877422
1664954619.852500 14.338651 -1.531318 -21.950210 0.043647 -0.481304 -0.054323 0.873780
1664954620.352500 14.819778 -1.518314 -22.258656 0.057946 -0.483232 -0.048269 0.872238
1664954620.852268 15.249717 -1.490831 -22.519075 0.063594 -0.484450 -0.048731 0.871143
1664954621.351977 15.686541 -1.451754 -22.795330 0.066493 -0.482113 -0.050359 0.872130
1664954621.851935 15.906351 -1.423939 -22.934458 0.059752 -0.443648 -0.051954 0.892697
1664954622.351892 16.112755 -1.397199 -23.115787 0.063144 -0.342317 -0.044645 0.936397
1664954622.851811 16.366407 -1.370528 -23.399295 0.070010 -0.274384 -0.029250 0.958622
1664954623.351811 16.509701 -1.325759 -23.669609 0.064771 -0.188961 -0.024219 0.979547
1664954623.851811 16.689242 -1.279314 -24.074928 0.060353 -0.154486 -0.012050 0.986076
1664954624.351497 16.810812 -1.219378 -24.457425 0.054422 -0.110661 -0.009557 0.992321
1664954624.851327 16.907294 -1.163576 -24.887492 0.053458 -0.095811 -0.011119 0.993901
1664954625.351206 16.995252 -1.105913 -25.359478 0.053151 -0.090530 -0.013159 0.994387
1664954625.851162 17.079503 -1.036371 -25.854744 0.067757 -0.097052 -0.015889 0.992843
1664954626.351160 17.195497 -0.971370 -26.337382 0.066805 -0.167129 -0.026052 0.983324
1664954626.851160 17.346266 -0.907670 -26.785177 0.077149 -0.181529 -0.028250 0.979948
1664954627.351160 17.516761 -0.834294 -27.217448 0.077060 -0.187611 -0.028233 0.978809
1664954627.851160 17.707839 -0.764623 -27.652258 0.072445 -0.205345 -0.027562 0.975615
1664954628.351160 17.895255 -0.696312 -28.072491 0.069827 -0.234841 -0.031276 0.969018
1664954628.851160 18.095293 -0.631268 -28.456610 0.061463 -0.249694 -0.037300 0.965652
1664954629.351160 18.311400 -0.572203 -28.851645 0.053080 -0.254815 -0.040653 0.964676
1664954629.851415 18.577974 -0.518737 -29.289647 0.045803 -0.286895 -0.041843 0.955951
1664954630.351532 18.862886 -0.478209 -29.682701 0.037047 -0.332293 -0.041804 0.941521
1664954630.851573 19.178864 -0.441901 -30.069088 0.036611 -0.379135 -0.043328 0.923601
1664954631.351632 19.527777 -0.426635 -30.428093 0.035495 -0.388180 -0.045448 0.919778
1664954631.851653 19.909365 -0.405010 -30.794104 0.041550 -0.399347 -0.041342 0.914924
1664954632.351653 20.252728 -0.377953 -31.106731 0.043440 -0.414890 -0.044089 0.907764
1664954632.851653 20.621813 -0.353542 -31.405180 0.042048 -0.466052 -0.042187 0.882750
1664954633.351653 21.020839 -0.335217 -31.678013 0.045550 -0.473640 -0.041120 0.878578
1664954633.851653 21.376007 -0.314504 -31.920083 0.043335 -0.476100 -0.042818 0.877279
1664954634.351653 21.749078 -0.293001 -32.175847 0.044721 -0.475624 -0.047850 0.877207
1664954634.851653 22.125005 -0.273413 -32.422504 0.043197 -0.477148 -0.051330 0.876258
1664954635.351653 22.482032 -0.258081 -32.660726 0.040043 -0.475766 -0.056640 0.876833
1664954635.851653 22.674158 -0.220827 -32.684847 -0.035758 -0.491618 -0.068810 0.867351
1664954636.351653 23.068686 -0.340665 -32.967736 -0.032353 -0.496558 -0.087946 0.862930
1664954636.851653 23.450692 -0.377430 -33.181175 0.021256 -0.512123 -0.050501 0.857162
1664954637.351653 23.858483 -0.389255 -33.391468 0.019335 -0.518730 -0.049633 0.853277
1664954637.851653 24.265356 -0.393221 -33.602057 0.020521 -0.535293 -0.048034 0.843050
1664954638.351653 24.666779 -0.394137 -33.777456 0.019461 -0.542421 -0.046818 0.838575
1664954638.851653 25.056856 -0.403171 -33.954227 0.016302 -0.549101 -0.048085 0.834212
1664954639.351653 25.485894 -0.413700 -34.127825 0.014995 -0.553061 -0.046530 0.831705
1664954639.851653 25.913249 -0.420321 -34.307769 0.015604 -0.554031 -0.044817 0.831142
1664954640.351653 26.328985 -0.430200 -34.480985 0.015437 -0.554614 -0.045095 0.830741
1664954640.851653 26.749797 -0.439770 -34.648399 0.016688 -0.562799 -0.042835 0.825314
1664954641.351653 27.169428 -0.455480 -34.810110 0.017499 -0.567220 -0.042062 0.822305
1664954641.851653 27.583681 -0.465989 -34.964541 0.013505 -0.566810 -0.043274 0.822600
1664954642.351653 27.982608 -0.469980 -35.098927 0.011446 -0.565820 -0.043210 0.823316
1664954642.851653 28.376672 -0.476103 -35.247301 0.008900 -0.562871 -0.043466 0.825353
1664954643.351653 28.737534 -0.486576 -35.387729 0.008441 -0.561736 -0.045056 0.826045
1664954643.851653 29.028343 -0.502335 -35.494671 0.022111 -0.559636 -0.034525 0.827724
1664954644.351653 29.310534 -0.550261 -35.627177 0.092741 -0.559309 0.008004 0.823716
1664954644.851653 29.555565 -0.449789 -35.712920 0.091521 -0.560471 0.009745 0.823044
1664954645.351653 29.652122 -0.408868 -35.751826 0.089730 -0.561921 0.006139 0.822287
1664954645.851653 29.724697 -0.403106 -35.792297 0.012390 -0.559034 -0.053007 0.827356
1664954646.351653 29.882695 -0.408062 -35.858619 0.011355 -0.560597 -0.052351 0.826354
1664954646.851653 30.292146 -0.428379 -36.015098 0.013807 -0.563482 -0.053078 0.824306
1664954647.351653 30.722614 -0.441742 -36.164877 0.013734 -0.585171 -0.047014 0.809429
1664954647.851867 31.158470 -0.456769 -36.304265 0.014110 -0.595766 -0.043625 0.801848
1664954648.352086 31.593783 -0.470328 -36.436193 0.013941 -0.605281 -0.042981 0.794728
1664954648.852105 32.017455 -0.493956 -36.544942 0.012694 -0.608686 -0.040079 0.792296
1664954649.352157 32.483452 -0.507066 -36.667061 0.014785 -0.611207 -0.037838 0.790428
1664954649.852147 32.936741 -0.523124 -36.786326 0.013410 -0.611718 -0.037810 0.790058
1664954650.352147 33.375951 -0.534308 -36.916749 0.013663 -0.611533 -0.045641 0.789784
1664954650.852147 33.833728 -0.558740 -37.030073 0.013145 -0.610617 -0.043986 0.790594
1664954651.352147 34.260688 -0.573776 -37.144274 0.010979 -0.608920 -0.044588 0.791901
1664954651.852072 34.678697 -0.584640 -37.250199 0.011207 -0.606816 -0.044849 0.793497
1664954652.351775 35.163059 -0.607741 -37.375551 0.017112 -0.605340 -0.034532 0.795033
1664954652.851592 35.663577 -0.614286 -37.518330 0.022683 -0.603964 -0.033187 0.795997
1664954653.351486 36.144578 -0.616423 -37.647480 0.020832 -0.601395 -0.033966 0.797958
1664954653.851487 36.622067 -0.611265 -37.780480 0.022091 -0.598517 -0.033645 0.800098
1664954654.351487 37.038063 -0.630194 -37.921017 0.015535 -0.596454 -0.041640 0.801416
1664954654.851487 37.533132 -0.631921 -38.061959 0.014905 -0.598957 -0.043535 0.799458
1664954655.351487 37.996171 -0.643261 -38.192965 0.007841 -0.607563 -0.050404 0.792632
1664954655.851487 38.438979 -0.657582 -38.309564 0.007507 -0.616877 -0.053022 0.785236
1664954656.351487 38.929411 -0.690655 -38.418298 0.006158 -0.629154 -0.053139 0.775438
1664954656.851487 39.399479 -0.718011 -38.507406 -0.000974 -0.644347 -0.055375 0.762725
1664954657.351487 39.823102 -0.745000 -38.563033 -0.008251 -0.650260 -0.055070 0.757668
1664954657.851487 40.298372 -0.790983 -38.637906 -0.008187 -0.663594 -0.054690 0.746046
1664954658.351487 40.789332 -0.831838 -38.686907 -0.013022 -0.668588 -0.056281 0.741386
1664954658.851487 41.205627 -0.842092 -38.709226 -0.010651 -0.683117 -0.061588 0.727630
1664954659.351487 41.593778 -0.854171 -38.747853 -0.009838 -0.689620 -0.064495 0.721226
1664954659.851576 42.038703 -0.879128 -38.759849 -0.005363 -0.693072 -0.057520 0.718550
1664954660.351831 42.468035 -0.908959 -38.705360 -0.015427 -0.727247 -0.054459 0.684038
1664954660.851918 42.926707 -0.948137 -38.667295 -0.015462 -0.771461 -0.054928 0.633713
1664954661.351937 43.378760 -0.986781 -38.586990 -0.014054 -0.784429 -0.054093 0.617695
1664954661.851928 43.821036 -1.030621 -38.465809 -0.020291 -0.785502 -0.051718 0.616361
1664954662.351928 44.234876 -1.065009 -38.355072 -0.021698 -0.783894 -0.051183 0.618400
1664954662.851928 44.690684 -1.110846 -38.226481 -0.024290 -0.794734 -0.046799 0.604664
1664954663.351928 45.118754 -1.141587 -38.100945 -0.026441 -0.827285 -0.046800 0.559205
1664954663.851718 45.520338 -1.177099 -37.930374 -0.027279 -0.850100 -0.044249 0.524049
1664954664.351727 45.945131 -1.229146 -37.724212 -0.026530 -0.853011 -0.043193 0.519425
1664954664.851772 46.407724 -1.284416 -37.490385 -0.024049 -0.855191 -0.040714 0.516152
1664954665.351780 46.824993 -1.339889 -37.280457 -0.024192 -0.855368 -0.044713 0.515520
1664954665.851783 47.263128 -1.390686 -37.062808 -0.020868 -0.851948 -0.043292 0.521416
1664954666.351783 47.656619 -1.417214 -36.852195 -0.024451 -0.848490 -0.043773 0.526832
1664954666.851783 48.087264 -1.462208 -36.631024 -0.026945 -0.846580 -0.044043 0.529751
1664954667.351783 48.533129 -1.530350 -36.403237 -0.025851 -0.854570 -0.040356 0.517121
1664954667.851783 48.971380 -1.576193 -36.172979 0.024030 0.872558 0.038979 -0.486360
1664954668.351783 49.353806 -1.630006 -35.935733 0.023102 0.875794 0.039532 -0.480508
1664954668.851783 49.713929 -1.675987 -35.710776 0.027502 0.876125 0.042620 -0.479408
1664954669.351783 50.076210 -1.716475 -35.449055 0.030277 0.877463 0.041992 -0.476843
1664954669.851783 50.439553 -1.768767 -35.205624 0.033951 0.877101 0.041198 -0.477330
1664954670.351783 50.847234 -1.822246 -34.950197 0.032342 0.877409 0.041613 -0.476840
1664954670.851783 51.244838 -1.869583 -34.687644 0.030216 0.879672 0.037840 -0.473110
1664954671.351783 51.641356 -1.924062 -34.413746 0.029831 0.903072 0.034589 -0.427052
1664954671.851783 52.020347 -1.969576 -34.096298 0.028088 0.911537 0.034550 -0.408800
1664954672.351783 52.344435 -2.007571 -33.771682 0.041108 0.923647 0.043380 -0.378556
1664954672.851783 52.676657 -2.071673 -33.426126 0.048896 0.932142 0.052556 -0.354905
1664954673.351783 52.979872 -2.135286 -33.081643 0.051875 0.937641 0.047789 -0.340373
1664954673.851783 53.272220 -2.202964 -32.741713 0.052852 0.938686 0.052450 -0.336637
1664954674.351783 53.552778 -2.268260 -32.405668 0.048206 0.937631 0.049623 -0.340677
1664954674.851783 53.869428 -2.324440 -32.074407 0.038685 0.932808 0.036128 -0.356466
1664954675.351783 54.203763 -2.363944 -31.710387 0.036303 0.930650 0.038025 -0.362115
1664954675.851783 54.525297 -2.413440 -31.385135 0.033414 0.927868 0.050888 -0.367907
1664954676.351783 54.834784 -2.457869 -31.055118 0.030677 0.930732 0.055340 -0.360186
1664954676.851783 55.023316 -2.497959 -30.787879 0.035437 0.968529 0.051349 -0.240954
1664954677.351783 55.183340 -2.528890 -30.531203 0.033447 0.975083 0.053751 -0.212617
1664954677.851783 55.387211 -2.598532 -30.056082 0.034838 0.976935 0.053608 -0.203739
1664954678.351783 55.532136 -2.638903 -29.708554 0.035981 0.986744 0.048949 -0.150487
1664954678.851783 55.639816 -2.676607 -29.368403 0.034802 0.987021 0.056068 -0.146404
1664954679.351783 55.805172 -2.744838 -28.825214 0.033580 0.988106 0.051875 -0.140814
1664954679.851783 55.924303 -2.802002 -28.338011 0.038865 0.993464 0.054292 -0.092586
1664954680.351783 56.002065 -2.856925 -27.851930 0.043848 0.996617 0.049133 -0.049181
1664954680.851783 56.050149 -2.902812 -27.321524 0.046459 0.996886 0.047061 -0.042946
1664954681.351783 56.099022 -2.950521 -26.821000 0.050116 0.996600 0.048823 -0.043512
1664954681.851867 56.134344 -2.990524 -26.392060 0.048898 0.996683 0.042613 -0.049145
1664954682.352200 56.177246 -3.020398 -25.982873 0.046206 0.995668 0.043335 -0.068058
1664954682.852346 56.205684 -3.049476 -25.638033 0.053443 0.993335 0.048653 -0.089795
1664954683.352389 56.266118 -3.081869 -25.302807 0.052429 0.990327 0.050797 -0.118001
1664954683.852428 56.346502 -3.124260 -24.956048 0.053797 0.983900 0.053997 -0.161650
1664954684.352428 56.466613 -3.167988 -24.591171 0.051015 0.978889 0.062092 -0.187933
1664954684.852428 56.620903 -3.227768 -24.209040 0.052462 0.969685 0.074912 -0.226598
1664954685.352428 56.817793 -3.293931 -23.875298 0.035767 0.966702 0.086570 -0.238146
1664954685.852428 56.922566 -3.320554 -23.718838 0.028195 0.963500 0.099973 -0.246734
1664954686.352428 57.017665 -3.342936 -23.651584 0.006099 0.936357 0.101904 -0.335879
1664954686.852428 57.098704 -3.358714 -23.567901 0.003279 0.910334 0.108266 -0.399450
1664954687.352428 57.098446 -3.357229 -23.475550 0.059900 0.891882 0.151504 -0.421906
1664954687.852428 57.209850 -3.412686 -23.410090 0.043455 0.875433 0.173494 -0.449031
1664954688.352428 57.255956 -3.435349 -23.381967 0.028173 0.862229 0.187329 -0.469760
1664954688.852428 57.459944 -3.516809 -23.300906 0.017784 -0.829677 -0.178625 0.528596
1664954689.352500 57.625875 -3.579932 -23.128315 -0.024092 -0.810973 -0.174308 0.557996
1664954689.852500 58.084068 -3.726643 -23.089229 0.043118 -0.804050 -0.186132 0.563026
1664954690.352500 58.387560 -3.803535 -22.996878 0.057842 -0.788164 -0.171586 0.588226
1664954690.852500 58.542140 -3.839334 -22.949642 0.065751 -0.770581 -0.168535 0.611128
1664954691.352500 58.927232 -3.914266 -22.852010 0.086169 -0.739923 -0.138379 0.652640
1664954691.852500 59.407998 -3.954158 -22.801128 0.111886 -0.719040 -0.118950 0.675510
1664954692.352500 59.851783 -3.965358 -22.777247 0.123226 -0.712268 -0.106013 0.682826
1664954692.852500 60.353711 -3.947327 -22.769761 0.151017 -0.709479 -0.084512 0.683148
1664954693.352500 60.842599 -3.906026 -22.741244 0.163955 -0.705868 -0.069020 0.685642
1664954693.852500 61.206464 -3.856490 -22.717570 0.167627 -0.680130 -0.060269 0.711120
1664954694.352500 61.580831 -3.789579 -22.715187 0.151176 -0.682802 -0.071022 0.711254
1664954694.852500 61.873072 -3.759928 -22.723393 0.131070 -0.692789 -0.089483 0.703461
1664954695.352500 62.360028 -3.744600 -22.741545 0.212569 -0.706321 -0.012845 0.675100
1664954695.852500 62.586098 -3.602580 -22.695346 0.194654 -0.710298 -0.029576 0.675805
1664954696.352500 62.762283 -3.574874 -22.681909 0.115318 -0.702420 -0.109799 0.693724
1664954696.852500 63.035238 -3.569775 -22.681099 0.121697 -0.704200 -0.105615 0.691475
1664954697.352500 63.471182 -3.554247 -22.672035 0.125134 -0.702404 -0.101333 0.693327
1664954697.852500 63.836720 -3.537217 -22.664290 0.123839 -0.700510 -0.106909 0.694636
1664954698.352500 64.264622 -3.525827 -22.655302 0.120523 -0.700792 -0.108100 0.694751
1664954698.852500 64.678156 -3.518309 -22.644037 0.110916 -0.702730 -0.117291 0.692900
1664954699.352500 65.085026 -3.521687 -22.632273 0.103851 -0.703167 -0.122110 0.692719
1664954699.852500 65.509992 -3.534226 -22.627867 0.107856 -0.703883 -0.118867 0.691944
1664954700.352500 65.930699 -3.554937 -22.635825 0.115062 -0.710770 -0.115901 0.684203
1664954700.852500 66.349468 -3.555243 -22.611304 0.115063 -0.714322 -0.115124 0.680625
1664954701.352500 66.759804 -3.555776 -22.582923 0.114137 -0.722235 -0.109855 0.673262
1664954701.852500 67.181896 -3.545903 -22.547109 0.114151 -0.732987 -0.110875 0.661367
1664954702.352500 67.581892 -3.552209 -22.514995 0.112683 -0.738747 -0.110862 0.655183
1664954702.852500 67.963426 -3.556801 -22.464850 0.114062 -0.740047 -0.111441 0.653376
1664954703.352500 68.386293 -3.568152 -22.406571 0.107308 -0.745188 -0.115312 0.647984
1664954703.852500 68.826072 -3.594449 -22.347658 0.102033 -0.753175 -0.119270 0.638821
1664954704.352500 69.279990 -3.605208 -22.267635 0.103616 -0.773000 -0.116775 0.614897
1664954704.852500 69.703871 -3.631085 -22.172308 0.102630 -0.776506 -0.115865 0.610803
1664954705.352500 70.116786 -3.642924 -22.063073 0.103446 -0.778363 -0.115331 0.608398
1664954705.852500 70.516561 -3.664824 -21.957894 0.101342 -0.778856 -0.115282 0.608131
1664954706.352500 70.956803 -3.676048 -21.835399 0.104068 -0.780125 -0.111652 0.606720
1664954706.852500 71.398945 -3.692589 -21.716427 0.108476 -0.780971 -0.106801 0.605731
1664954707.352500 71.806023 -3.706057 -21.621403 0.106723 -0.784876 -0.107963 0.600769
1664954707.852500 72.230773 -3.721707 -21.503158 0.102891 -0.793654 -0.113231 0.588818
1664954708.352500 72.669871 -3.741335 -21.356615 0.101520 -0.795917 -0.112747 0.586087
1664954708.852500 73.115496 -3.750767 -21.227949 0.104590 -0.796584 -0.113069 0.584578
1664954709.352500 73.547444 -3.778374 -21.091780 0.104515 -0.797222 -0.111829 0.583960
1664954709.852500 73.964357 -3.797749 -20.947841 0.102879 -0.797589 -0.112839 0.583554
1664954710.352500 74.386683 -3.814740 -20.818342 0.104741 -0.801246 -0.113853 0.577990
1664954710.852500 74.821487 -3.839588 -20.673257 0.101534 -0.807515 -0.113597 0.569830
1664954711.352500 75.280869 -3.876306 -20.501461 0.099062 -0.826734 -0.105092 0.543741
1664954711.852500 75.682185 -3.893739 -20.323455 0.101778 -0.831448 -0.099118 0.537132
1664954712.352500 76.077345 -3.907301 -20.170948 0.106345 -0.832048 -0.104430 0.534304
1664954712.852500 76.411587 -3.923620 -20.003522 0.100881 -0.831148 -0.110667 0.535507
1664954713.352500 76.801725 -3.958882 -19.827265 0.104390 -0.837436 -0.102815 0.526530
1664954713.852500 77.081001 -3.971585 -19.697688 -0.098196 0.864920 0.110098 -0.479739
1664954714.352500 77.407350 -4.006429 -19.488056 -0.096628 0.889271 0.109547 -0.433427
1664954714.852500 77.688766 -4.043396 -19.261674 -0.091754 0.912542 0.110766 -0.382857
1664954715.352500 77.848623 -4.065116 -19.143496 -0.088013 0.927487 0.119410 -0.343167
1664954715.852500 77.950718 -4.087092 -19.041617 -0.086205 0.938406 0.117793 -0.313190
1664954716.352500 78.012668 -4.094855 -19.003643 -0.081506 0.949599 0.123507 -0.276341
1664954716.852500 78.166810 -4.149031 -18.769448 -0.080364 0.960840 0.121267 -0.235845
1664954717.352500 78.292483 -4.194982 -18.538844 -0.075745 0.969710 0.129785 -0.192567
1664954717.852500 78.439149 -4.266506 -18.243828 -0.074210 0.976057 0.133905 -0.154516
1664954718.352500 78.535129 -4.344897 -17.922723 -0.064541 0.985908 0.144693 -0.053703
1664954718.852500 78.578857 -4.456564 -17.564649 -0.052913 0.985508 0.153315 0.049678
1664954719.352500 78.543088 -4.577002 -17.193618 -0.046677 0.982441 0.152258 0.097207
1664954719.852500 78.464845 -4.704193 -16.794134 -0.044845 0.981866 0.151078 0.105369
1664954720.352500 78.364202 -4.862406 -16.322593 -0.045284 0.981665 0.150294 0.108143
1664954720.852109 78.274709 -5.001543 -15.886558 -0.044391 0.981351 0.152198 0.108699
1664954721.351974 78.176614 -5.132566 -15.446698 -0.045907 0.980824 0.155002 0.108866
1664954721.851993 78.080439 -5.278495 -14.985998 -0.046196 0.981221 0.152191 0.109131
1664954722.352171 77.977222 -5.406952 -14.559290 -0.048637 0.983040 0.150336 0.093089
1664954722.852216 77.884748 -5.537646 -14.107292 -0.050330 0.984027 0.151153 0.079444
1664954723.352216 77.800324 -5.695611 -13.629838 -0.054043 0.984713 0.148776 0.072696
1664954723.852216 77.756388 -5.838277 -13.195486 -0.054608 0.984736 0.152180 0.064455
1664954724.352216 77.711257 -5.973503 -12.749889 -0.053057 0.985437 0.150594 0.058478
1664954724.852216 77.677424 -6.133100 -12.306064 -0.053532 0.986002 0.148450 0.053817
1664954725.352216 77.635340 -6.264369 -11.865591 -0.050370 0.986814 0.145757 0.049146
1664954725.852216 77.573530 -6.406659 -11.417188 -0.046469 0.985301 0.146793 0.073991
1664954726.352216 77.480640 -6.546267 -11.003350 -0.027730 0.972410 0.149956 0.176530
1664954726.852216 77.339776 -6.679210 -10.640898 -0.014957 0.970859 0.146106 0.189375
1664954727.351747 77.220571 -6.792488 -10.220942 -0.036601 0.970968 0.125470 0.200345
1664954727.851747 77.052248 -6.873456 -9.938128 -0.021675 0.957928 0.162570 0.235532
1664954728.351747 76.893175 -6.984796 -9.634758 -0.019016 0.929454 0.169543 0.327122
1664954728.851747 76.667013 -7.115458 -9.355050 -0.005662 0.906254 0.169036 0.387425
1664954729.351747 76.346359 -7.248209 -9.104687 0.008916 0.877319 0.167019 0.449818
1664954729.851747 75.988632 -7.393282 -8.849820 0.011102 0.865672 0.167278 0.471707
1664954730.351747 75.626051 -7.498806 -8.631772 0.017691 0.847758 0.167211 0.503025
1664954730.851747 75.218705 -7.632467 -8.410692 0.017717 0.843159 0.166103 0.511057
1664954731.351747 74.797657 -7.754254 -8.218378 0.021022 0.835579 0.165094 0.523555
1664954731.851747 74.369238 -7.863858 -8.005381 0.023186 0.826206 0.164812 0.538222
1664954732.351747 73.929656 -7.985579 -7.803727 0.022129 0.830198 0.164921 0.532056
1664954732.851747 73.445599 -8.129104 -7.576333 0.020044 0.834546 0.165597 0.525079
1664954733.351747 72.955858 -8.278242 -7.333070 0.015041 0.838938 0.164228 0.518639
1664954733.851747 72.485377 -8.421853 -7.084287 0.011007 0.853138 0.161862 0.495817
1664954734.351466 72.019715 -8.560904 -6.802488 0.009084 0.863267 0.163022 0.477610
1664954734.851327 71.588917 -8.695072 -6.501339 0.006393 0.873417 0.162775 0.458918
1664954735.351264 71.141910 -8.849951 -6.163604 0.002091 0.881924 0.161505 0.442857
1664954735.851245 70.696423 -9.017129 -5.800607 -0.000288 0.890681 0.157984 0.426296
1664954736.351245 70.310695 -9.170228 -5.476859 -0.004795 0.902002 0.157403 0.401986
1664954736.851245 70.004252 -9.315841 -5.157541 -0.011309 0.912071 0.161870 0.376559
1664954737.351245 69.667067 -9.479136 -4.783528 -0.015265 0.919650 0.162221 0.357345
1664954737.851245 69.338631 -9.644198 -4.393485 -0.018272 0.928236 0.161421 0.334645
1664954738.351245 69.041067 -9.809701 -4.021452 -0.024692 0.935026 0.164376 0.313204
1664954738.851245 68.725934 -9.987809 -3.615371 -0.028473 0.942695 0.162729 0.289886
1664954739.351245 68.466248 -10.142847 -3.230861 -0.034364 0.950643 0.162342 0.262189
1664954739.851245 68.208438 -10.319511 -2.787855 -0.037415 0.955268 0.163456 0.243611
1664954740.351245 67.916762 -10.541883 -2.232431 -0.035602 0.957631 0.161020 0.236111
1664954740.851245 67.636904 -10.749163 -1.714186 -0.035952 0.958331 0.165721 0.229882
1664954741.351245 67.381442 -10.952591 -1.207181 -0.038928 0.963675 0.163055 0.207913
1664954741.851245 67.224132 -11.096257 -0.846893 -0.051633 0.974407 0.164695 0.144019
1664954742.351245 67.164987 -11.220632 -0.503903 -0.070315 0.983507 0.161691 0.040332
1664954742.851245 67.153871 -11.326522 -0.161546 -0.082809 0.983790 0.151872 -0.047279
1664954743.351245 67.177394 -11.439926 0.182168 -0.088565 0.976514 0.142856 -0.134794
1664954743.851245 67.289713 -11.518849 0.490290 -0.093692 0.960799 0.123043 -0.230103
1664954744.351245 67.401706 -11.536640 0.581804 -0.114812 0.918540 0.104935 -0.363442
1664954744.851245 67.393547 -11.546477 0.609919 -0.116394 0.893229 0.098039 -0.423064
1664954745.351245 67.401745 -11.552970 0.631003 -0.118277 0.879188 0.096827 -0.451291
1664954745.851245 67.470157 -11.566451 0.697906 0.122956 -0.851178 -0.086989 0.502803
1664954746.351245 67.713393 -11.594570 0.870723 0.127630 -0.825646 -0.074208 0.544530
1664954746.851245 68.172045 -11.585321 1.069820 0.129126 -0.820582 -0.068857 0.552477
1664954747.351245 68.623933 -11.556504 1.254136 0.124615 -0.812789 -0.073201 0.564347
1664954747.851245 68.875170 -11.543879 1.330352 0.118910 -0.748367 -0.083306 0.647199
1664954748.351245 69.162653 -11.546732 1.376478 0.117720 -0.678985 -0.074342 0.720829
1664954748.851245 69.695931 -11.504851 1.352101 0.122982 -0.670292 -0.073342 0.728152
1664954749.351245 70.264600 -11.439381 1.311247 0.124551 -0.666500 -0.078219 0.730853
1664954749.851245 70.912958 -11.382157 1.303146 0.132205 -0.708029 -0.077518 0.689354
1664954750.351245 71.524499 -11.344335 1.347205 0.131798 -0.721138 -0.076355 0.675840
1664954750.851245 72.123383 -11.308136 1.416237 0.122567 -0.724485 -0.080196 0.673549
1664954751.351245 72.774518 -11.278237 1.472088 0.125837 -0.734115 -0.084246 0.661923
1664954751.851647 73.367138 -11.241599 1.544862 0.127567 -0.746049 -0.085871 0.647891
1664954752.351805 74.021718 -11.218089 1.646103 0.131002 -0.751565 -0.084115 0.641025
1664954752.851983 74.637060 -11.181256 1.736389 0.130424 -0.758956 -0.092579 0.631193
1664954753.352123 75.274845 -11.162207 1.866243 0.127900 -0.761013 -0.100279 0.628048
1664954753.852127 75.841687 -11.137427 1.964243 0.123837 -0.761953 -0.108596 0.626338
1664954754.352127 76.508085 -11.131446 2.096975 0.131393 -0.770989 -0.103507 0.614490
1664954754.852127 77.195791 -11.123999 2.252389 0.131807 -0.773248 -0.102146 0.611784
1664954755.352127 77.873858 -11.121512 2.405706 0.129190 -0.777067 -0.106774 0.606693
1664954755.852127 78.529491 -11.119295 2.576089 0.124178 -0.778745 -0.108110 0.605350
1664954756.352500 79.169361 -11.097962 2.758816 0.126547 -0.780064 -0.106248 0.603487
1664954756.852500 79.728096 -11.107008 2.890147 0.126234 -0.766990 -0.106121 0.620105
1664954757.352500 80.271570 -11.113441 3.006368 0.126985 -0.746818 -0.108117 0.643777
1664954757.852500 80.909616 -11.113789 3.113825 0.117090 -0.746963 -0.112860 0.644669
1664954758.352500 81.581827 -11.122372 3.236325 0.118232 -0.748751 -0.102311 0.644147
1664954758.852500 82.200640 -11.128961 3.332095 0.119534 -0.748020 -0.098592 0.645335
1664954759.352500 82.856530 -11.113957 3.421118 0.121345 -0.745929 -0.103622 0.646628
1664954759.852500 83.545337 -11.097634 3.527751 0.123292 -0.738554 -0.092758 0.656302
1664954760.352500 84.201618 -11.055498 3.608418 0.136193 -0.721856 -0.075520 0.674293
1664954760.852500 84.782240 -10.999956 3.644293 0.133289 -0.692882 -0.076610 0.704471
1664954761.352500 85.412011 -10.948970 3.652883 0.128825 -0.681923 -0.072674 0.716312
1664954761.852500 86.066486 -10.887040 3.634422 0.125756 -0.674781 -0.073845 0.723466
1664954762.352500 86.712419 -10.823642 3.605067 0.123990 -0.675523 -0.075772 0.722879
1664954762.852500 87.444279 -10.754879 3.579374 0.127227 -0.675736 -0.071440 0.722559
1664954763.352500 88.093862 -10.696535 3.559101 0.130238 -0.684658 -0.069858 0.713724
1664954763.852500 88.768196 -10.635078 3.541336 0.131284 -0.691677 -0.075388 0.706162
1664954764.352500 89.433395 -10.595250 3.557095 0.124538 -0.701417 -0.076027 0.697657
1664954764.852500 90.072283 -10.558034 3.570289 0.122018 -0.712952 -0.076665 0.686246
1664954765.352500 90.742610 -10.517411 3.616389 0.121499 -0.724814 -0.077217 0.673736
1664954765.852500 91.414785 -10.465043 3.661562 0.122846 -0.728688 -0.078372 0.669164
1664954766.352500 92.065292 -10.408394 3.747264 0.120568 -0.737950 -0.078293 0.659366
1664954766.852500 92.662172 -10.381401 3.856243 0.112393 -0.757062 -0.082444 0.638301
1664954767.352500 93.245460 -10.374155 3.971389 0.105871 -0.772052 -0.089237 0.620294
1664954767.852500 93.798523 -10.382845 4.088862 0.102308 -0.791045 -0.100733 0.594672
1664954768.352185 94.298699 -10.406897 4.267069 0.100961 -0.832018 -0.105597 0.535166
1664954768.851968 94.782746 -10.440643 4.476174 -0.103614 0.855993 0.105340 -0.495423
1664954769.351759 95.282695 -10.495642 4.784581 -0.100371 0.868516 0.110648 -0.472613
1664954769.851563 95.720975 -10.568544 5.095783 -0.083864 0.904440 0.113940 -0.402458
1664954770.351468 96.144195 -10.644899 5.448693 -0.083262 0.919418 0.116181 -0.366388
1664954770.851278 96.608165 -10.748457 5.912234 -0.084848 0.919239 0.113228 -0.367396
1664954771.351110 97.037958 -10.838876 6.363321 -0.083369 0.914815 0.120618 -0.376318
1664954771.850985 97.548312 -10.953184 6.875535 -0.084522 0.918611 0.107214 -0.370831
1664954772.350909 97.968667 -11.038037 7.320688 -0.078983 0.935635 0.113799 -0.324652
1664954772.850893 98.375134 -11.150182 7.847434 -0.070310 0.943587 0.112704 -0.303310
1664954773.350893 98.752250 -11.246075 8.367958 -0.069297 0.948268 0.114180 -0.288009
1664954773.850893 99.111023 -11.355984 8.867904 -0.068434 0.950990 0.123681 -0.275022
1664954774.350893 99.451666 -11.469662 9.435872 -0.068158 0.953527 0.122093 -0.266897
1664954774.850893 99.814448 -11.595645 9.953894 -0.068103 0.955150 0.127592 -0.258400
1664954775.350893 100.171972 -11.743599 10.418381 -0.067644 0.953856 0.137410 -0.258267
1664954775.850893 100.536470 -11.877455 10.911754 -0.072246 0.954504 0.132780 -0.257044
1664954776.350893 100.883075 -12.028832 11.484718 -0.069827 0.958204 0.124736 -0.247810
1664954776.850893 101.239330 -12.180706 12.091363 -0.067241 0.958274 0.129750 -0.245672
1664954777.350893 101.558710 -12.311700 12.652917 -0.066718 0.956762 0.138901 -0.246702
1664954777.850893 101.886576 -12.446541 13.213594 -0.069279 0.955583 0.141806 -0.248903
1664954778.350893 102.225483 -12.604047 13.780340 -0.068243 0.952872 0.143459 -0.258452
1664954778.850893 102.585749 -12.764066 14.377036 -0.066877 0.952012 0.136108 -0.265850
1664954779.350893 102.930109 -12.886127 14.930900 -0.069604 0.951074 0.134222 -0.269442
1664954779.850893 103.298268 -13.056085 15.508215 -0.061785 0.952575 0.129122 -0.268535
1664954780.350893 103.658628 -13.186056 16.044153 -0.067352 0.950992 0.135919 -0.269451
1664954780.850893 104.031929 -13.332947 16.611403 -0.068776 0.950510 0.137471 -0.270006
1664954781.350893 104.395363 -13.481279 17.157058 -0.068355 0.949581 0.142589 -0.270724
1664954781.850893 104.741122 -13.632807 17.705697 -0.062734 0.948902 0.146184 -0.272545
1664954782.350893 105.132122 -13.791099 18.315446 -0.068454 0.952328 0.122572 -0.270854
1664954782.850893 105.489768 -13.902052 18.876870 -0.064476 0.950679 0.126726 -0.275667
1664954783.350893 105.848741 -14.029320 19.435866 -0.062185 0.949936 0.125369 -0.279353
1664954783.850893 106.209281 -14.159018 20.036573 -0.056007 0.953520 0.122160 -0.269704
1664954784.350893 106.519534 -14.293554 20.543122 -0.049602 0.963815 0.130241 -0.227238
1664954784.850893 106.806411 -14.434519 21.114642 -0.047971 0.969309 0.126526 -0.205257
1664954785.350893 107.045930 -14.570590 21.635015 -0.043568 0.974240 0.129228 -0.179609
1664954785.850893 107.244155 -14.710315 22.186237 -0.037662 0.978668 0.125911 -0.157916
1664954786.350893 107.422424 -14.854236 22.752221 -0.030082 0.981945 0.126652 -0.137252
1664954786.850893 107.596030 -15.027150 23.421233 -0.022931 0.984897 0.122683 -0.120008
1664954787.350893 107.710895 -15.164134 23.959829 -0.018833 0.988439 0.132993 -0.070333
1664954787.850893 107.761908 -15.307191 24.508858 -0.013528 0.990863 0.132524 -0.021076
1664954788.350893 107.792972 -15.465924 25.096716 -0.013896 0.990314 0.138040 -0.005558
1664954788.851097 107.817493 -15.656118 25.810220 -0.024941 0.990226 0.137221 -0.000277
1664954789.351302 107.812505 -15.830412 26.443003 -0.022271 0.989684 0.138997 0.026641
1664954789.851484 107.740823 -15.984002 26.996733 -0.009271 0.987839 0.135820 0.075107
1664954790.351591 107.673556 -16.118290 27.485007 -0.006318 0.982137 0.147921 0.116131
1664954790.851607 107.528357 -16.285994 28.066115 -0.007184 0.979314 0.153412 0.131747
1664954791.351607 107.369184 -16.471955 28.630743 -0.005792 0.977223 0.154223 0.145663
1664954791.851607 107.197638 -16.664880 29.230281 -0.010827 0.976272 0.148074 0.157638
1664954792.351607 107.000726 -16.859356 29.864169 -0.017787 0.976954 0.138578 0.161370
1664954792.851607 106.792161 -17.058930 30.502112 -0.023979 0.976784 0.137139 0.162820
1664954793.351607 106.604205 -17.227501 31.095859 -0.026885 0.976295 0.134340 0.167562
1664954793.851607 106.401401 -17.407204 31.727672 -0.030091 0.976605 0.133091 0.166206
1664954794.351607 106.187445 -17.587390 32.369223 -0.030133 0.976744 0.133229 0.165268
1664954794.851607 106.019058 -17.771429 32.946569 -0.036236 0.980815 0.135970 0.134910
1664954795.351607 105.873591 -17.930852 33.494418 -0.038377 0.983148 0.138904 0.112483
1664954795.851607 105.771801 -18.084060 33.985372 -0.044942 0.986513 0.141857 0.068179
1664954796.351607 105.686515 -18.256435 34.630653 -0.047484 0.987901 0.134459 0.060971
1664954796.851607 105.614251 -18.431508 35.262566 -0.037852 0.989577 0.127839 0.054427
1664954797.351607 105.516031 -18.582897 35.809523 -0.024998 0.990164 0.119664 0.068049
1664954797.851607 105.453799 -18.711199 36.343932 -0.025828 0.990374 0.115450 0.071850
1664954798.351607 105.379615 -18.829871 36.840038 -0.026238 0.991033 0.112368 0.067363
1664954798.851607 105.305089 -18.961835 37.403654 -0.027774 0.991626 0.108312 0.064618
1664954799.351607 105.240133 -19.072214 37.909336 -0.028244 0.992364 0.103871 0.060229
1664954799.851607 105.184306 -19.165471 38.381034 -0.029400 0.992610 0.101776 0.059192
1664954800.351735 105.098614 -19.281675 38.957168 -0.032070 0.990335 0.081930 0.107216
1664954800.852021 104.995400 -19.369844 39.485878 -0.032125 0.987200 0.063951 0.142528
1664954801.352026 104.864366 -19.448378 40.042409 -0.040361 0.986632 0.057380 0.147094
1664954801.852077 104.708218 -19.513050 40.633963 -0.041758 0.987760 0.042199 0.144244
1664954802.350970 104.570934 -19.549154 41.113162 -0.043360 0.989428 0.043940 0.131228
1664954802.850916 104.495547 -19.589600 41.544106 -0.043174 0.995553 0.045643 0.070199
1664954803.350901 104.457969 -19.634890 41.996920 -0.036499 0.997856 0.050831 -0.019171
1664954803.850896 104.483528 -19.700545 42.534586 -0.030556 0.995584 0.057833 -0.067335
1664954804.350896 104.554830 -19.766576 43.068262 -0.023521 0.994792 0.060890 -0.078282
1664954804.850896 104.636430 -19.822825 43.501347 -0.019835 0.990126 0.079309 -0.113869
1664954805.350896 104.741047 -19.899306 43.917022 -0.010814 0.981817 0.092345 -0.165503
1664954805.850896 104.862838 -19.946578 44.160485 -0.017453 0.955112 0.091103 -0.281347
1664954806.350896 104.973123 -19.985627 44.395948 -0.021712 0.924625 0.091793 -0.369015
1664954806.850896 105.297689 -20.058488 44.732880 -0.019031 0.921772 0.091450 -0.376313
1664954807.350896 105.649781 -20.141539 45.103640 -0.011568 0.934113 0.097262 -0.343277
1664954807.850896 105.928046 -20.217217 45.453556 -0.006552 0.957452 0.100074 -0.270606
1664954808.350896 106.197129 -20.335406 45.865790 -0.004872 0.960721 0.097356 -0.259834
1664954808.850896 106.473825 -20.450437 46.313300 -0.007871 0.961919 0.091843 -0.257323
1664954809.350896 106.638399 -20.506433 46.581020 -0.010256 0.962994 0.088799 -0.254269
1664954809.850896 106.794156 -20.565067 46.808634 -0.014510 0.964363 0.081355 -0.251345
1664954810.350896 106.908272 -20.599268 46.953541 -0.013892 0.973379 0.078524 -0.214881
1664954810.850896 107.016745 -20.637056 47.144061 -0.011474 0.982470 0.076357 -0.169676
1664954811.350896 107.112265 -20.684241 47.355153 -0.008281 0.987390 0.073618 -0.139904
1664954811.850896 107.162756 -20.721537 47.508287 -0.005156 0.990492 0.073996 -0.115860
1664954812.350896 107.189325 -20.740700 47.581708 -0.006226 0.990379 0.075615 -0.115730
1664954812.850896 107.223922 -20.771303 47.683485 -0.009241 0.990595 0.070244 -0.117058
1664954813.351017 107.339394 -20.857889 48.161282 -0.018693 0.992514 -0.026316 -0.117785
1664954813.851160 107.439769 -20.792284 48.588934 -0.021804 0.984968 -0.114263 -0.127698
1664954814.351260 107.486856 -20.739708 48.660026 -0.027789 0.985586 -0.089583 -0.140796
1664954814.851358 107.530740 -20.722495 48.707147 -0.035417 0.985697 -0.083381 -0.142105
1664954815.351409 107.545562 -20.711546 48.765176 -0.031051 0.986297 -0.078837 -0.141556
1664954815.851409 107.558629 -20.704355 48.825005 -0.021792 0.986071 -0.080030 -0.144168
1664954816.351409 107.575767 -20.703688 48.845004 -0.024485 0.989785 -0.079220 -0.115979
1664954816.851409 107.590310 -20.702053 48.890878 -0.022618 0.992686 -0.071360 -0.094713
1664954817.351640 107.611694 -20.695771 48.944129 -0.021639 0.992966 -0.061371 -0.098911
1664954817.851777 107.629343 -20.695058 48.960391 -0.022253 0.994256 -0.026105 -0.101381
1664954818.351813 107.629697 -20.695476 48.958756 -0.019016 0.994596 0.003538 -0.102005
1664954818.851799 107.641222 -20.695245 48.982891 -0.018738 0.994569 0.003836 -0.102308
1664954819.351774 107.671443 -20.701096 49.043507 -0.022413 0.997746 0.001618 -0.063224
1664954819.851774 107.684843 -20.699514 49.063362 -0.024096 0.997670 0.004685 -0.063653
1664954820.351774 107.698685 -20.698635 49.099521 -0.025922 0.999143 0.004490 -0.031954
1664954820.851774 107.720447 -20.698873 49.139278 -0.030898 0.999492 0.007212 -0.002974
1664954821.351774 107.719398 -20.695659 49.174937 -0.031076 0.999479 0.008658 -0.001358
1664954821.851774 107.721401 -20.688800 49.258608 -0.032453 0.999431 0.009078 -0.001238
1664954822.351774 107.722912 -20.688386 49.270557 -0.034087 0.999192 0.008970 0.019291
1664954822.851774 107.674143 -20.691499 49.416167 -0.024397 0.994871 0.000528 0.098160
1664954823.351774 107.575885 -20.721395 49.487953 0.017525 0.992410 0.004804 0.121622
1664954823.851774 107.634694 -20.698365 49.721785 -0.043499 0.992647 0.005460 0.112828
1664954824.351774 107.611763 -20.697987 49.818454 -0.043454 0.992531 0.012717 0.113275
1664954824.851702 107.572041 -20.703610 49.777909 -0.037207 0.995957 0.012069 0.080863
1664954825.351498 107.531659 -20.702785 49.819467 -0.040547 0.998331 0.018176 0.036881
1664954825.851413 107.543052 -20.684854 49.999598 -0.048366 0.997584 0.019059 0.046086
1664954826.351274 107.497236 -20.711067 50.139468 -0.034261 0.996887 0.049504 0.050904
1664954826.851127 107.540479 -20.706329 50.255679 -0.055290 0.994522 0.054321 0.070130
1664954827.351127 107.498760 -20.722638 50.445709 -0.048594 0.994957 0.045347 0.075112
1664954827.851127 107.428924 -20.766144 50.685889 -0.030336 0.996419 0.016258 0.077234
1664954828.351127 107.436136 -20.761499 50.824817 -0.045880 0.995397 0.028266 0.079252
1664954828.851127 107.409802 -20.759533 50.980371 -0.051729 0.993752 0.046286 0.087397
1664954829.351127 107.385787 -20.765428 51.179459 -0.053486 0.992412 0.038824 0.103687
1664954829.851127 107.346041 -20.782597 51.312315 -0.048163 0.991733 0.050944 0.107471
1664954830.351613 107.322035 -20.795502 51.464642 -0.052776 0.991379 0.055059 0.106539
1664954830.851869 107.285060 -20.802775 51.647840 -0.056196 0.991138 0.056842 0.106096
1664954831.351970 107.252420 -20.811285 51.800476 -0.059226 0.990093 0.069254 0.106824
1664954831.851996 107.209311 -20.822840 51.893210 -0.050008 0.987811 0.101278 0.107102
1664954832.352001 107.189036 -20.855101 52.081025 -0.063386 0.985416 0.116220 0.106910
1664954832.852001 107.158635 -20.895482 52.223606 -0.064756 0.983819 0.128206 0.107097
1664954833.352001 107.107485 -20.955124 52.414273 -0.058447 0.983135 0.137444 0.105545
1664954833.852001 107.087325 -21.005139 52.621449 -0.064815 0.983320 0.128764 0.110908
1664954834.352001 107.040343 -21.055814 52.815375 -0.059660 0.981320 0.142553 0.114585
1664954834.852001 106.996323 -21.151963 53.067308 -0.052306 0.982337 0.103693 0.146714
1664954835.352001 106.986182 -21.148867 53.062586 -0.048538 0.980970 0.114164 0.149360
1664954835.852001 106.959516 -21.169657 53.147055 -0.047189 0.981077 0.110987 0.151470
1664954836.352001 106.909290 -21.212693 53.320456 -0.041558 0.979231 0.098561 0.172237
1664954836.852001 106.934120 -21.190351 53.403099 -0.058699 0.970811 0.115763 0.201693
1664954837.352001 106.878256 -21.193057 53.523904 -0.057939 0.966421 0.141345 0.206629
1664954837.852001 106.790151 -21.302501 53.764630 -0.070706 0.963499 0.176805 0.188175
1664954838.352001 106.701086 -21.342871 53.879802 -0.060160 0.968018 0.176290 0.168060
1664954838.852001 106.644374 -21.447167 54.145081 -0.076286 0.973956 0.145537 0.156232
1664954839.352001 106.452661 -21.539904 54.301684 -0.028294 0.964019 0.172451 0.200319
1664954839.852001 106.422615 -21.632710 54.526868 -0.059759 0.960688 0.189152 0.194241
1664954840.352001 106.283607 -21.761878 54.745459 -0.048096 0.952201 0.231131 0.193853
1664954840.852001 106.165819 -21.940261 55.068480 -0.049393 0.964203 0.184991 0.183442
1664954841.352001 106.025351 -22.120527 55.499458 -0.050628 0.965942 0.153140 0.202341
1664954841.852398 105.934119 -22.193940 55.727977 -0.037431 0.947020 0.151706 0.280603
1664954842.352500 105.885541 -22.247761 55.879642 -0.030224 0.933837 0.152340 0.322222
1664954842.852500 105.804814 -22.304256 56.026995 -0.020000 0.909947 0.155197 0.384072
1664954843.352500 105.506773 -22.435811 56.320072 -0.012984 0.906640 0.148363 0.394746
1664954843.852500 105.191783 -22.556595 56.602975 -0.011407 0.906728 0.141125 0.397238
1664954844.352500 105.043766 -22.604304 56.731088 -0.012211 0.905455 0.142226 0.399717
1664954844.852500 104.818980 -22.687382 56.935668 -0.010498 0.906347 0.134822 0.400310
1664954845.352500 104.633351 -22.750275 57.094219 -0.008024 0.906850 0.132222 0.400096
1664954845.852500 104.428633 -22.815326 57.277323 -0.005704 0.906383 0.129802 0.401980
1664954846.352500 104.247979 -22.869431 57.442760 -0.008123 0.905919 0.129703 0.403016
1664954846.852500 103.994923 -22.956488 57.669047 0.003148 0.909694 0.105660 0.401600
1664954847.352500 103.798107 -22.996220 57.853468 0.002789 0.909706 0.097962 0.403524
1664954847.852500 103.541943 -23.059500 58.068354 0.006305 0.907868 0.104474 0.405983
1664954848.352500 103.359959 -23.104936 58.229475 0.005949 0.905850 0.106420 0.409971
1664954848.852500 103.124737 -23.158779 58.422825 0.008748 0.904845 0.108240 0.411660
1664954849.352500 102.809140 -23.226063 58.691200 0.009679 0.903939 0.107364 0.413852
1664954849.852500 102.450780 -23.298387 58.991295 0.012966 0.904338 0.100272 0.414668
1664954850.352196 102.137495 -23.353461 59.255792 0.017238 0.902997 0.095411 0.418564
1664954850.851988 101.804571 -23.410475 59.537426 0.020585 0.902180 0.090648 0.421225
1664954851.352017 101.454609 -23.468759 59.836829 0.020580 0.903476 0.093810 0.417741
1664954851.852059 101.175430 -23.526477 60.075978 0.015978 0.906593 0.097345 0.410314
1664954852.352051 100.802030 -23.600088 60.406268 0.016399 0.909517 0.093357 0.404715
1664954852.852051 100.423474 -23.679786 60.763251 0.010005 0.912423 0.098175 0.397173
1664954853.352051 100.012915 -23.772050 61.135905 0.005911 0.912964 0.105205 0.394200
1664954853.852051 99.565205 -23.880553 61.555627 0.008002 0.917272 0.102612 0.384731
1664954854.352051 99.130777 -23.980652 61.973053 0.010422 0.919960 0.100760 0.378700
1664954854.852051 98.715408 -24.071559 62.365618 0.009748 0.921520 0.107254 0.373098
1664954855.352051 98.285742 -24.183205 62.792102 0.012407 0.923259 0.109802 0.367944
1664954855.852051 97.890821 -24.298999 63.203884 0.014280 0.924974 0.112397 0.362747
1664954856.352051 97.486166 -24.419802 63.663091 0.010497 0.933512 0.113954 0.339793
1664954856.852373 97.165243 -24.524880 64.078722 0.002643 0.949200 0.112126 0.294007
1664954857.352500 96.834670 -24.644216 64.557396 0.002228 0.954719 0.110195 0.276341
1664954857.852500 96.528471 -24.755938 65.065958 -0.001284 0.958239 0.105613 0.265750
1664954858.352500 96.246193 -24.874398 65.559546 -0.002224 0.961673 0.114423 0.249172
1664954858.852500 95.986601 -25.000056 66.037276 -0.006925 0.969982 0.118331 0.212331
1664954859.352500 95.777606 -25.117463 66.539220 -0.014581 0.978881 0.114992 0.168390
1664954859.852500 95.592153 -25.226482 67.075059 -0.015238 0.982556 0.111782 0.147840
1664954860.352146 95.455792 -25.329234 67.550799 -0.018457 0.985182 0.112764 0.127905
1664954860.851966 95.325632 -25.445100 68.082516 -0.017555 0.987200 0.109781 0.114348
1664954861.351915 95.199020 -25.562361 68.604703 -0.017622 0.987214 0.112032 0.112010
1664954861.851806 95.071324 -25.677157 69.159270 -0.012789 0.987130 0.095934 0.127306
1664954862.351784 94.943755 -25.769369 69.690325 -0.016748 0.988575 0.082982 0.124708
1664954862.851784 94.816332 -25.859642 70.221625 -0.022743 0.989543 0.082150 0.116353
1664954863.351784 94.703793 -25.939281 70.684470 -0.020936 0.989314 0.093644 0.109773
1664954863.851784 94.575101 -26.036316 71.187689 -0.016392 0.989849 0.092548 0.106609
1664954864.351784 94.472018 -26.123530 71.650452 -0.018071 0.989359 0.099864 0.104260
1664954864.851784 94.385879 -26.229477 72.168315 -0.029573 0.988740 0.106279 0.101113
1664954865.351784 94.281843 -26.331275 72.662219 -0.030008 0.989716 0.101592 0.096128
1664954865.851784 94.165124 -26.445045 73.211765 -0.028763 0.989839 0.103112 0.093592
1664954866.351784 94.068013 -26.540499 73.692797 -0.023240 0.990833 0.098350 0.089645
1664954866.851784 93.955823 -26.641713 74.268364 -0.021469 0.992153 0.086979 0.087213
1664954867.351784 93.863961 -26.724361 74.774100 -0.020848 0.992534 0.086715 0.083202
1664954867.851784 93.779970 -26.811781 75.282093 -0.023792 0.992619 0.087312 0.080728
1664954868.351784 93.684458 -26.886369 75.825028 -0.024511 0.992718 0.080578 0.086125
1664954868.851784 93.591073 -26.973292 76.365084 -0.019798 0.992962 0.074202 0.090156
1664954869.351563 93.511421 -27.038193 76.827279 -0.021434 0.992790 0.078430 0.088079
1664954869.851421 93.449788 -27.117398 77.317122 -0.025384 0.991981 0.088916 0.086163
1664954870.351359 93.377271 -27.195937 77.887007 -0.026325 0.993351 0.077741 0.080733
1664954870.851371 93.304684 -27.270775 78.328863 -0.025383 0.994815 0.083790 0.051755
1664954871.351403 93.291338 -27.356392 78.827351 -0.035416 0.994279 0.092357 0.040312
1664954871.851403 93.253920 -27.462830 79.390251 -0.034974 0.994889 0.087866 0.035386
1664954872.351403 93.204793 -27.561871 79.974142 -0.028801 0.993839 0.087643 0.061424
1664954872.851403 93.143300 -27.658233 80.510708 -0.025510 0.992968 0.092935 0.068749
1664954873.351403 93.085194 -27.753700 81.060507 -0.028975 0.993369 0.090494 0.064732
1664954873.851403 93.021666 -27.854604 81.628928 -0.026595 0.993309 0.092012 0.064530
1664954874.351612 92.935275 -27.994610 82.313242 -0.017232 0.993794 0.091062 0.061517
1664954874.851683 92.865532 -28.102499 82.920679 -0.019409 0.993316 0.096390 0.060464
1664954875.351704 92.816003 -28.236704 83.610512 -0.021270 0.993625 0.094820 0.057148
1664954875.851733 92.772121 -28.336859 84.221060 -0.023321 0.993276 0.100571 0.052386
1664954876.351747 92.730555 -28.465310 84.905673 -0.027003 0.994764 0.093073 0.032460
1664954876.851747 92.711633 -28.568378 85.574012 -0.033231 0.995273 0.090514 0.011598
1664954877.352216 92.713435 -28.687514 86.277442 -0.036550 0.995666 0.085511 0.001235
1664954877.852216 92.713775 -28.795238 86.994718 -0.035024 0.996105 0.080755 -0.005195
1664954878.352216 92.741254 -28.899452 87.701413 -0.031592 0.996073 0.079663 -0.022235
1664954878.852216 92.779585 -29.010994 88.390299 -0.028470 0.995744 0.078314 -0.039385
1664954879.352216 92.849027 -29.110357 89.054122 -0.031103 0.995436 0.075472 -0.049437
1664954879.852216 92.926301 -29.195997 89.746175 -0.031161 0.995164 0.071996 -0.059117
1664954880.352216 93.025424 -29.279973 90.464792 -0.033176 0.994660 0.059527 -0.077513
1664954880.852216 93.125332 -29.367591 91.178520 -0.022880 0.994149 0.061542 -0.085776
1664954881.352216 93.247646 -29.449552 91.878048 -0.018208 0.993446 0.060173 -0.095465
1664954881.852216 93.369331 -29.536247 92.555639 -0.007398 0.992889 0.054008 -0.105831
1664954882.352216 93.497161 -29.597329 93.225516 -0.000297 0.992000 0.057301 -0.112483
1664954882.852216 93.656109 -29.657068 93.854440 -0.003906 0.991382 0.060023 -0.116380
1664954883.351957 93.788086 -29.705714 94.391895 -0.003301 0.990052 0.078993 -0.116387
1664954883.851812 93.959714 -29.796020 94.992855 -0.011466 0.990126 0.080195 -0.114405
1664954884.351777 94.128633 -29.849633 95.579987 -0.024152 0.989456 0.085971 -0.114029
1664954884.851796 94.305800 -29.939208 96.203915 -0.027944 0.989356 0.082937 -0.116252
1664954885.351820 94.470326 -30.023427 96.822410 -0.030800 0.989070 0.083463 -0.117580
1664954885.851820 94.665384 -30.098744 97.471433 -0.034990 0.987580 0.073876 -0.134175
1664954886.351820 94.816411 -30.155764 98.006652 -0.029979 0.985876 0.076096 -0.146148
1664954886.851820 95.016848 -30.214670 98.566242 -0.031721 0.984417 0.072801 -0.156895
1664954887.351820 95.218019 -30.285495 99.138333 -0.036914 0.983391 0.072668 -0.162167
1664954887.852160 95.462778 -30.379586 99.812256 -0.037879 0.982319 0.069458 -0.169679
1664954888.352271 95.691664 -30.452408 100.446155 -0.036596 0.981222 0.073694 -0.174453
1664954888.852244 95.939914 -30.547320 101.103797 -0.037691 0.981262 0.075215 -0.173340
1664954889.352253 96.180381 -30.638661 101.715260 -0.042069 0.982848 0.074721 -0.163268
1664954889.852264 96.387776 -30.721617 102.291748 -0.038526 0.985064 0.072299 -0.151451
1664954890.352264 96.603952 -30.808120 102.927387 -0.035646 0.985373 0.074813 -0.148903
1664954890.852264 96.802971 -30.895088 103.528391 -0.036312 0.987028 0.073676 -0.137944
1664954891.352264 97.001839 -30.991140 104.215002 -0.038260 0.987601 0.074551 -0.132750
1664954891.852264 97.177099 -31.072896 104.851864 -0.036508 0.988323 0.077934 -0.125738
1664954892.352264 97.325931 -31.168355 105.526073 -0.030992 0.989097 0.075611 -0.122514
1664954892.852264 97.537254 -31.247786 106.169450 -0.045425 0.989161 0.067028 -0.122490
1664954893.352264 97.697445 -31.310590 106.837682 -0.041046 0.990525 0.066282 -0.113056
1664954893.852264 97.850703 -31.397894 107.494624 -0.032848 0.991652 0.067058 -0.105119
1664954894.352264 97.985834 -31.479723 108.137156 -0.032795 0.992395 0.071509 -0.094673
1664954894.852264 98.114546 -31.580370 108.831131 -0.032909 0.993040 0.068558 -0.089936
1664954895.352112 98.221989 -31.668168 109.472528 -0.029847 0.993775 0.070849 -0.080629
1664954895.851770 98.322680 -31.750692 110.105918 -0.028119 0.994155 0.081576 -0.064896
1664954896.351585 98.420146 -31.857839 110.749850 -0.030492 0.994265 0.086273 -0.055356
1664954896.851510 98.485410 -31.980599 111.430467 -0.025871 0.995196 0.083787 -0.043540
1664954897.351494 98.532539 -32.104583 112.118931 -0.020520 0.994466 0.095257 -0.039274
1664954897.851494 98.567034 -32.231598 112.788670 -0.019003 0.993807 0.106618 -0.024902
1664954898.351494 98.589579 -32.334264 113.332956 -0.019102 0.993339 0.113551 0.004419
1664954898.851494 98.582862 -32.468672 113.921534 -0.019555 0.993444 0.110081 0.023844
1664954899.351494 98.537736 -32.597518 114.606397 -0.017651 0.994207 0.100874 0.032646
1664954899.851494 98.518347 -32.730284 115.251098 -0.015771 0.993757 0.101298 0.044012
1664954900.351494 98.438871 -32.885127 115.977067 -0.014020 0.993719 0.099521 0.049214
1664954900.851494 98.361656 -33.023050 116.650132 -0.009713 0.993992 0.097228 0.049320
1664954901.351494 98.275492 -33.161734 117.337510 -0.001201 0.994888 0.089614 0.046538
1664954901.851494 98.219940 -33.287235 117.998615 -0.007014 0.994697 0.094875 0.039092
1664954902.351494 98.179924 -33.419381 118.688319 -0.010392 0.996313 0.082658 0.020511
1664954902.851494 98.173261 -33.525122 119.305161 -0.009641 0.996293 0.083270 -0.019351
1664954903.351494 98.203366 -33.638806 119.985720 -0.008761 0.996487 0.072982 -0.040127
1664954903.851494 98.258645 -33.730231 120.673436 -0.008263 0.995733 0.075654 -0.052193
1664954904.351740 98.338953 -33.835071 121.366216 -0.005292 0.994879 0.073909 -0.068739
1664954904.852064 98.421645 -33.937231 122.063537 -0.000621 0.994301 0.075762 -0.074998
1664954905.352304 98.540080 -34.034602 122.741724 -0.004247 0.993751 0.075763 -0.081855
1664954905.852500 98.665602 -34.150866 123.428610 -0.001271 0.992778 0.079953 -0.089428
1664954906.352500 98.791718 -34.260045 124.070821 0.002187 0.991246 0.089390 -0.097138
1664954906.852500 98.937483 -34.377948 124.750157 -0.001980 0.990994 0.086353 -0.102328
1664954907.352500 99.088397 -34.482402 125.415338 -0.005745 0.990340 0.086688 -0.108068
1664954907.852500 99.244658 -34.588123 126.033432 -0.006558 0.987891 0.087035 -0.128267
1664954908.352500 99.404781 -34.696420 126.714465 -0.001223 0.987238 0.082430 -0.136251
1664954908.852500 99.587220 -34.805903 127.392057 -0.003271 0.986644 0.084855 -0.139005
1664954909.352500 99.782193 -34.906123 128.028725 -0.006435 0.985726 0.082706 -0.146502
1664954909.852500 99.963736 -34.997524 128.634249 -0.009762 0.987881 0.072134 -0.137087
1664954910.352500 100.034278 -35.033607 128.898608 -0.005805 0.989284 0.076930 -0.123958
1664954910.852500 100.142803 -35.093948 129.320048 -0.007334 0.989623 0.079824 -0.119247
1664954911.352500 100.296161 -35.194875 129.950659 -0.008630 0.990935 0.073351 -0.112217
1664954911.852500 100.441198 -35.279980 130.635887 -0.007526 0.992391 0.068636 -0.101941
1664954912.352500 100.559640 -35.363202 131.297947 -0.003666 0.993740 0.068336 -0.088306
1664954912.852500 100.651878 -35.449821 131.913768 0.002619 0.994942 0.074259 -0.067598
1664954913.352500 100.723512 -35.538874 132.527380 0.003225 0.996057 0.072852 -0.050524
1664954913.852500 100.770518 -35.633627 133.099049 0.005208 0.996162 0.081716 -0.030923
1664954914.352500 100.799221 -35.726477 133.676433 0.007066 0.996676 0.077861 -0.022927
1664954914.852500 100.809182 -35.813440 134.184011 0.009300 0.996533 0.082622 0.003152
1664954915.352500 100.824139 -35.912741 134.746144 0.006339 0.996154 0.083234 0.026632
1664954915.852500 100.786840 -36.025866 135.410381 0.002979 0.995566 0.082030 0.045932
1664954916.352500 100.700450 -36.057819 135.844618 0.001783 0.992922 0.092588 0.074371
1664954916.852500 100.607670 -36.120189 136.332239 -0.001739 0.989764 0.097327 0.104364
1664954917.352500 100.480097 -36.228749 136.867462 0.003087 0.984414 0.092178 0.149739
1664954917.852500 100.274979 -36.351993 137.439681 0.009893 0.980129 0.089836 0.176574
1664954918.352500 100.061419 -36.466563 137.994547 0.008815 0.974524 0.087112 0.206486
1664954918.852500 99.798164 -36.576443 138.503367 0.014817 0.960296 0.086256 0.264899
1664954919.352500 99.508689 -36.649964 138.949477 0.017359 0.956480 0.086863 0.278027
1664954919.852500 99.192926 -36.742185 139.453013 0.018947 0.948157 0.086130 0.305321
1664954920.352500 98.845043 -36.828786 139.913758 0.020930 0.938128 0.086719 0.334600
1664954920.852500 98.486572 -36.922946 140.352884 0.018929 0.928289 0.095423 0.358910
1664954921.352500 98.154377 -36.981639 140.683798 0.019611 0.917374 0.095103 0.386001
1664954921.852500 97.731415 -37.083741 141.086965 0.019132 0.906445 0.098188 0.410306
1664954922.352500 97.378934 -37.162395 141.368684 0.018838 0.893504 0.109301 0.435143
1664954922.852500 97.003232 -37.180941 141.600820 0.021739 0.882784 0.109306 0.456369
1664954923.352500 96.641423 -37.233241 141.787276 0.030675 0.836761 0.110237 0.535479
1664954923.852500 96.236796 -37.307644 141.978614 0.035650 0.796962 0.106798 0.593443
1664954924.352500 95.816871 -37.321085 142.088760 0.041427 0.790825 0.103447 0.601813
1664954924.852500 95.266903 -37.388206 142.230043 0.046101 0.790329 0.102846 0.602227
1664954925.352500 94.781662 -37.438269 142.339619 0.050941 0.752726 0.098525 0.648923
1664954925.852500 94.440454 -37.464001 142.381884 0.055171 0.735471 0.098000 0.668158
1664954926.352500 94.128206 -37.486585 142.417141 0.055118 0.722792 0.099836 0.681592
1664954926.852500 93.604057 -37.513056 142.462242 0.062871 0.720687 0.086287 0.684991
1664954927.352304 93.002000 -37.497036 142.525573 0.059919 0.721225 0.082372 0.685171
1664954927.851993 92.403153 -37.502603 142.539993 0.066660 0.716074 0.085482 0.689556
1664954928.351880 91.895509 -37.500317 142.528165 0.072268 0.667287 0.080710 0.736880
1664954928.851799 91.627786 -37.498719 142.497094 0.070822 0.615707 0.079409 0.780758
1664954929.351752 91.196294 -37.490930 142.382521 0.073902 0.612381 0.084599 0.782541
1664954929.851752 90.623221 -37.475627 142.225241 0.076409 0.608182 0.087934 0.785203
1664954930.351752 89.980853 -37.454636 142.048924 0.078855 0.605020 0.086440 0.787566
1664954930.851752 89.422741 -37.426168 141.859912 0.086030 0.548492 0.075334 0.828300
1664954931.351752 89.027486 -37.394517 141.697993 0.086302 0.514049 0.074443 0.850155
1664954931.851752 88.454889 -37.336719 141.422057 0.087982 0.515304 0.067200 0.849826
1664954932.351752 87.838806 -37.255312 141.115541 0.086714 0.517354 0.069803 0.848500
1664954932.851752 87.199656 -37.210341 140.822803 0.086003 0.520769 0.067081 0.846701
1664954933.351752 86.563530 -37.142386 140.509303 0.087628 0.519136 0.070292 0.847277
1664954933.851752 86.016806 -37.087063 140.238551 0.092853 0.517545 0.075228 0.847270
1664954934.351520 85.492244 -36.994239 139.985079 0.091128 0.517134 0.075957 0.847643
1664954934.851375 84.977421 -36.919233 139.740006 0.089406 0.521136 0.074154 0.845533
1664954935.351319 84.513181 -36.815891 139.519372 0.092524 0.533704 0.074345 0.837300
1664954935.851334 83.923600 -36.774781 139.294432 0.085273 0.552422 0.076155 0.825687
1664954936.351340 83.386219 -36.711049 139.091345 0.085907 0.567747 0.070911 0.815632
1664954936.851340 82.862350 -36.674584 138.893240 0.087842 0.590480 0.077758 0.798480
1664954937.351340 82.201005 -36.636619 138.707030 0.087548 0.601374 0.075509 0.790559
1664954937.851340 81.579279 -36.590154 138.577485 0.082431 0.605961 0.061381 0.788827
1664954938.351340 80.963364 -36.550090 138.410880 0.081477 0.608562 0.065527 0.786588
1664954938.851340 80.351600 -36.511204 138.244423 0.089003 0.610332 0.067737 0.784210
1664954939.351340 79.707089 -36.479650 138.087044 0.088767 0.610660 0.070868 0.783705
1664954939.851340 79.071848 -36.438197 137.942956 0.095166 0.615506 0.074089 0.778849
1664954940.351340 78.484726 -36.402306 137.812056 0.092942 0.616537 0.081892 0.777520
1664954940.851340 77.850131 -36.387557 137.695170 0.077504 0.618967 0.093183 0.776009
1664954941.351340 77.184086 -36.371985 137.609705 0.082037 0.638816 0.082343 0.760528
1664954941.851340 76.682401 -36.360527 137.587208 0.081110 0.688753 0.084020 0.715529
1664954942.351340 76.137139 -36.344726 137.604545 0.083276 0.710728 0.083591 0.693501
1664954942.851340 75.588365 -36.335475 137.644356 0.080176 0.731378 0.082569 0.672190
1664954943.351340 74.982088 -36.334304 137.697356 0.081865 0.745984 0.086313 0.655253
1664954943.851340 74.277019 -36.356002 137.808052 0.082237 0.753007 0.087083 0.647020
1664954944.351340 73.590067 -36.369795 137.908840 0.080774 0.760934 0.094235 0.636848
1664954944.851340 72.942005 -36.396602 138.042608 0.080938 0.766507 0.090834 0.630607
1664954945.351157 72.313443 -36.419135 138.168740 0.071909 0.774706 0.111230 0.618294
1664954945.850994 71.656512 -36.460700 138.313022 0.072306 0.780277 0.111250 0.611198
1664954946.350926 71.023716 -36.507004 138.478519 0.065083 0.784566 0.113972 0.605995
1664954946.850922 70.375686 -36.569564 138.657649 0.070071 0.792350 0.104504 0.596951
1664954947.350954 69.857644 -36.590627 138.821254 0.069600 0.806579 0.101094 0.578244
1664954947.850954 69.252044 -36.650047 139.035178 0.071385 0.818359 0.099281 0.561548
1664954948.350954 68.626790 -36.717239 139.310034 0.065842 0.833489 0.097844 0.539803
1664954948.850954 68.131147 -36.768523 139.536512 0.063432 0.841252 0.104916 0.526559
1664954949.350954 67.649552 -36.835434 139.789386 0.061728 0.847084 0.107895 0.516718
1664954949.850954 67.118579 -36.902246 140.083357 0.058418 0.851354 0.102975 0.511057
1664954950.350954 66.598689 -36.966620 140.381088 0.056080 0.860759 0.108412 0.494162
1664954950.850954 66.208214 -37.044721 140.630702 0.052233 0.879619 0.121795 0.456846
1664954951.350954 65.844143 -37.117801 140.889926 0.047482 0.891975 0.124492 0.432004
1664954951.850954 65.448192 -37.217390 141.244306 0.037659 0.900976 0.124323 0.413966
1664954952.350954 65.019684 -37.355673 141.638727 0.033901 0.908666 0.114859 0.399980
1664954952.850894 64.559587 -37.484693 142.108229 0.029110 0.913197 0.114040 0.390153
1664954953.350762 64.145838 -37.613060 142.555274 0.016004 0.917561 0.107045 0.382580
1664954953.850702 63.788404 -37.715836 143.001047 0.012732 0.919961 0.110385 0.375932
1664954954.350653 63.468473 -37.806173 143.358476 0.016159 0.920973 0.123309 0.369246
1664954954.850638 63.148389 -37.977246 143.790406 0.019716 0.921852 0.126528 0.365775
1664954955.350638 62.804268 -38.114263 144.227857 0.023230 0.923263 0.116461 0.365352
1664954955.850638 62.433936 -38.229110 144.566685 0.038084 0.913452 0.115546 0.388336
1664954956.350638 62.130351 -38.312595 144.890990 0.036992 0.903540 0.120909 0.409423
1664954956.850638 61.790270 -38.380210 145.208428 0.038539 0.893713 0.119997 0.430571
1664954957.350638 61.427581 -38.450374 145.488692 0.050490 0.882940 0.118200 0.451549
1664954957.850790 61.008922 -38.533547 145.791250 0.067703 0.873342 0.104420 0.470941
1664954958.350925 60.569634 -38.589383 146.043810 0.061058 0.856353 0.108628 0.501131
1664954958.850963 60.093046 -38.664491 146.266178 0.053341 0.839143 0.117187 0.528451
1664954959.351054 59.570222 -38.729869 146.455837 0.072337 0.818119 0.112380 0.559303
1664954959.851084 59.077817 -38.774410 146.640233 0.087289 0.798677 0.102737 0.586464
1664954960.351084 58.580252 -38.810661 146.737391 0.096476 0.777052 0.102305 0.613528
1664954960.851084 57.933304 -38.807160 146.861471 0.101108 0.773775 0.099938 0.617302
1664954961.351084 57.274310 -38.853003 147.005661 0.092086 0.774018 0.101137 0.618213
1664954961.851084 56.680121 -38.865852 147.142013 0.095622 0.775113 0.099389 0.616585
1664954962.351156 56.011204 -38.877986 147.290450 0.101172 0.774254 0.094025 0.617619
1664954962.851333 55.342072 -38.897246 147.451948 0.090493 0.777492 0.101332 0.614043
1664954963.351370 54.684585 -38.907405 147.616974 0.091418 0.780328 0.096979 0.611004
1664954963.851411 54.043505 -38.931953 147.787746 0.083004 0.782509 0.103004 0.608425
1664954964.351409 53.359667 -38.967032 147.965238 0.077344 0.784044 0.095173 0.608469
1664954964.851409 52.689484 -39.012952 148.160030 0.061027 0.790340 0.091245 0.602754
1664954965.351409 52.053241 -39.064668 148.299170 0.060345 0.790844 0.089979 0.602352
1664954965.851409 51.421701 -39.107841 148.430187 0.071685 0.786311 0.088683 0.607216
1664954966.351409 50.788300 -39.147111 148.553742 0.079594 0.759457 0.092056 0.639074
1664954966.851409 50.155135 -39.157615 148.609523 0.085257 0.741827 0.091890 0.658772
1664954967.351409 49.475820 -39.162186 148.661281 0.087337 0.734132 0.094129 0.666755
1664954967.851409 48.812482 -39.177312 148.713860 0.083790 0.720589 0.083194 0.683234
1664954968.351409 48.263866 -39.164799 148.707140 0.087380 0.688269 0.081812 0.715512
1664954968.851409 47.667662 -39.129907 148.744569 0.084109 0.676408 0.023365 0.731336
1664954969.351409 47.148587 -39.042220 148.743782 0.055886 0.651245 0.024524 0.756410
1664954969.851409 46.614826 -39.016907 148.646863 0.053915 0.629558 0.042385 0.773921
1664954970.351409 46.133009 -38.976844 148.527493 0.063296 0.603256 0.050608 0.793420
1664954970.851409 45.591422 -38.995826 148.355842 0.068190 0.596138 0.071230 0.796803
1664954971.351409 45.068312 -39.012682 148.173344 0.060815 0.597134 0.079260 0.795896
1664954971.851409 44.507284 -39.014445 148.053042 0.064454 0.615101 0.067378 0.782916
1664954972.351409 43.947539 -39.032588 147.912812 0.063858 0.623753 0.074286 0.775458
1664954972.851409 43.377487 -39.083623 147.669887 0.065185 0.624892 0.079881 0.773873
1664954973.351409 42.798945 -39.122488 147.511226 0.063883 0.628030 0.082295 0.771184
1664954973.851409 42.237643 -39.109384 147.415277 0.060952 0.631726 0.083122 0.768308
1664954974.351409 41.661227 -39.097293 147.256982 0.063250 0.633830 0.081933 0.766515
1664954974.851409 41.074522 -39.083063 147.089571 0.068184 0.626554 0.080361 0.772220
1664954975.351409 40.519691 -39.094575 146.946536 0.065559 0.604734 0.081502 0.789529
1664954975.851409 39.973535 -39.073755 146.784299 0.069775 0.580448 0.074315 0.807891
1664954976.351409 39.483175 -39.055710 146.598481 0.071656 0.556190 0.073436 0.824697
1664954976.851409 38.934839 -39.042579 146.376611 0.066256 0.550601 0.078559 0.828418
1664954977.351308 38.415042 -39.013015 146.150636 0.063925 0.569210 0.080468 0.815744
1664954977.851150 37.846639 -39.022513 145.927225 0.057184 0.575732 0.082410 0.811462
1664954978.351116 37.302835 -39.003796 145.746238 0.044558 0.580174 0.083105 0.809015
1664954978.851171 36.645122 -39.015519 145.519401 0.046313 0.586258 0.081485 0.804684
1664954979.351224 36.066355 -39.034703 145.330576 0.033620 0.590286 0.090858 0.801359
1664954979.851224 35.403664 -39.089178 145.147455 0.035875 0.596205 0.070995 0.798882
1664954980.351224 34.777095 -39.107529 144.994879 0.019398 0.595175 0.066010 0.800646
1664954980.851224 34.116730 -39.158951 144.793743 0.015378 0.594219 0.068876 0.801201
1664954981.351400 33.448525 -39.192188 144.581838 0.017528 0.592123 0.074013 0.802250
1664954981.851626 32.785917 -39.236786 144.359530 0.022827 0.590647 0.084928 0.802124
1664954982.351770 32.124676 -39.270332 144.138939 0.031374 0.606918 0.089792 0.789053
1664954982.851996 31.445079 -39.306374 143.966299 0.034003 0.619626 0.079484 0.780122
1664954983.352074 30.813546 -39.339366 143.873288 0.003677 0.623655 0.071208 0.778441
1664954983.852074 30.157491 -39.379206 143.666973 0.026336 0.612905 0.087393 0.784867
1664954984.352074 29.527958 -39.425381 143.463555 0.043984 0.600167 0.105920 0.791610
1664954984.852074 29.000736 -39.445474 143.296808 0.059095 0.598075 0.103312 0.792553
1664954985.352327 28.346745 -39.466547 143.089131 0.066336 0.597467 0.103719 0.792386
1664954985.852500 27.694824 -39.459620 142.946956 0.055454 0.601431 0.091661 0.791709
1664954986.352500 27.035445 -39.490866 142.824429 0.033543 0.613246 0.081121 0.784999
1664954986.852500 26.381404 -39.533039 142.677453 0.043101 0.628902 0.080567 0.772097
1664954987.352500 25.770729 -39.531211 142.548249 0.050206 0.654909 0.082694 0.749490
1664954987.852500 25.188296 -39.552029 142.470572 0.048528 0.681400 0.093961 0.724231
1664954988.352500 24.608337 -39.579453 142.418423 0.051431 0.701360 0.101895 0.703609
1664954988.852500 23.888065 -39.621879 142.415541 0.062796 0.710040 0.088219 0.695785
1664954989.352500 23.206621 -39.648393 142.467867 0.045946 0.724198 0.079532 0.683448
1664954989.852500 22.565509 -39.679298 142.482002 0.037185 0.728473 0.098527 0.676932
1664954990.352500 21.874735 -39.736485 142.510109 0.040999 0.731878 0.095192 0.673508
1664954990.852500 21.118074 -39.787331 142.565453 0.046382 0.731725 0.083801 0.674836
1664954991.352500 20.456261 -39.821046 142.572697 0.054191 0.703690 0.091412 0.702515
1664954991.852500 19.758442 -39.849270 142.552381 0.072214 0.699127 0.083051 0.706477
1664954992.352500 19.049811 -39.844342 142.529989 0.068948 0.685309 0.081816 0.720350
1664954992.852500 18.453708 -39.851319 142.514234 0.057991 0.675988 0.086380 0.729531
1664954993.352500 17.824564 -39.840048 142.439296 0.059208 0.664028 0.090159 0.739886
1664954993.852500 17.232029 -39.839676 142.375067 0.057636 0.653968 0.085784 0.749430
1664954994.352500 16.595196 -39.845068 142.288715 0.055038 0.650493 0.086338 0.752579
1664954994.852500 15.945582 -39.826899 142.198275 0.063130 0.651090 0.069130 0.753205
1664954995.352500 15.328655 -39.788244 142.122343 0.062698 0.650668 0.065565 0.753924
1664954995.852336 14.707520 -39.767130 142.002001 0.059655 0.649782 0.083791 0.753130
1664954996.352149 14.007654 -39.786947 141.901957 0.056398 0.636483 0.072695 0.765783
1664954996.852098 13.407128 -39.800479 141.801718 0.045980 0.638103 0.068358 0.765531
1664954997.352112 12.800792 -39.788433 141.698749 0.037197 0.645406 0.068274 0.759873
1664954997.852150 12.179760 -39.820696 141.593739 0.044107 0.649443 0.071696 0.755737
1664954998.352150 11.530321 -39.838822 141.461670 0.046295 0.653336 0.074513 0.751969
1664954998.852150 10.879068 -39.859164 141.359450 0.048730 0.660712 0.081767 0.744580
1664954999.352150 10.217823 -39.859836 141.266417 0.059095 0.654167 0.094401 0.748105
1664954999.852150 9.657747 -39.875409 141.185312 0.055878 0.603068 0.083901 0.791295
1664955000.352150 9.338886 -39.882241 141.032411 0.083593 0.514558 0.082195 0.849403
1664955000.852150 8.981403 -39.859210 140.908864 0.075787 0.474257 0.060931 0.875000
1664955001.352150 8.583156 -39.842703 140.615884 0.087546 0.439034 0.059440 0.892218
1664955001.852150 8.118195 -39.794201 140.369874 0.051268 0.424261 0.032755 0.903494
1664955002.352150 7.688701 -39.779386 139.959349 0.060802 0.402782 0.042943 0.912264
1664955002.852150 7.399023 -39.726665 139.618818 0.065416 0.308688 0.036141 0.948223
1664955003.352150 7.188260 -39.698674 139.349986 0.066381 0.189798 0.024634 0.979267
1664955003.852150 7.029812 -39.635686 138.972111 0.070259 0.136632 0.021173 0.987900
1664955004.352150 6.915895 -39.547949 138.480370 0.070790 0.125961 0.018955 0.989325
1664955004.852150 6.764512 -39.500090 137.912494 0.070925 0.124956 0.019837 0.989425
1664955005.352150 6.625448 -39.409295 137.338267 0.071158 0.115446 0.020755 0.990544
1664955005.852150 6.538532 -39.322042 136.771365 0.071740 0.099843 0.017690 0.992256
1664955006.352150 6.431850 -39.239495 136.219357 0.067456 0.090664 0.017259 0.993444
1664955006.852150 6.325692 -39.149568 135.612024 0.069305 0.088464 0.017851 0.993505
1664955007.352150 6.219915 -39.071182 135.010521 0.067109 0.087019 0.019145 0.993759
1664955007.852150 6.109463 -38.990039 134.438073 0.065384 0.087787 0.016648 0.993852
1664955008.352150 6.039843 -38.945761 133.831450 0.067238 0.085591 0.014717 0.993950
1664955008.852150 5.948231 -38.885166 133.217447 0.068153 0.086680 0.014039 0.993803
1664955009.352150 5.829772 -38.794115 132.657037 0.066896 0.087718 0.014641 0.993789
1664955009.852150 5.756024 -38.739105 132.020996 0.061068 0.087021 0.015394 0.994214
1664955010.352150 5.646366 -38.650889 131.457690 0.058342 0.089170 0.014533 0.994200
1664955010.852150 5.526031 -38.579693 130.884166 0.058394 0.091301 0.015378 0.993991
1664955011.352150 5.443274 -38.502211 130.240272 0.059159 0.091251 0.018203 0.993902
1664955011.852150 5.369757 -38.454511 129.642132 0.062684 0.091541 0.018016 0.993663
1664955012.351928 5.275056 -38.384414 129.012897 0.062318 0.093743 0.018050 0.993480
1664955012.851789 5.204676 -38.320498 128.459504 0.059205 0.094665 0.018442 0.993576
1664955013.351766 5.084197 -38.257115 127.866945 0.059542 0.097766 0.017733 0.993268
1664955013.851774 4.989300 -38.182797 127.233839 0.058804 0.098420 0.018523 0.993233
1664955014.351768 4.875693 -38.146055 126.643222 0.057056 0.101418 0.019051 0.993024
1664955014.851768 4.740543 -38.094965 126.074256 0.055855 0.103931 0.017945 0.992853
1664955015.351768 4.609341 -38.030873 125.505092 0.055312 0.107441 0.017808 0.992512
1664955015.851768 4.500427 -37.959808 124.874969 0.054575 0.108941 0.017892 0.992388
1664955016.351768 4.346949 -37.901923 124.292953 0.054411 0.112719 0.018770 0.991958
1664955016.851768 4.195207 -37.832038 123.651138 0.057210 0.116347 0.018450 0.991388
1664955017.351768 4.046261 -37.762995 123.057923 0.058461 0.120488 0.018918 0.990811
1664955017.851768 3.899193 -37.696233 122.466684 0.058623 0.123548 0.020607 0.990391
1664955018.351768 3.747440 -37.621198 121.860448 0.058669 0.126840 0.020835 0.989967
1664955018.851768 3.589472 -37.546114 121.267558 0.061103 0.130781 0.019837 0.989328
1664955019.351768 3.428466 -37.486443 120.693181 0.060615 0.134181 0.023021 0.988833
1664955019.851768 3.284904 -37.400662 120.099139 0.056791 0.136709 0.025576 0.988651
1664955020.351768 3.118897 -37.325086 119.496236 0.058176 0.140186 0.025985 0.988073
1664955020.851768 2.952557 -37.280299 118.925620 0.058103 0.143017 0.026893 0.987647
1664955021.351768 2.787805 -37.214388 118.323356 0.058494 0.145502 0.027746 0.987237
1664955021.851768 2.580835 -37.168478 117.748731 0.057662 0.148987 0.027103 0.986784
1664955022.351768 2.399573 -37.099599 117.144833 0.057507 0.151621 0.026008 0.986422
1664955022.851768 2.213045 -37.028250 116.536215 0.057018 0.154303 0.025948 0.986036
1664955023.351768 2.046009 -36.963045 115.944524 0.056652 0.156718 0.027331 0.985638
1664955023.851768 1.874446 -36.881537 115.354387 0.056740 0.158918 0.027653 0.985272
1664955024.351768 1.672500 -36.828178 114.741697 0.054527 0.161948 0.027200 0.984916
1664955024.851768 1.478532 -36.772120 114.171573 0.052181 0.165223 0.028950 0.984449
1664955025.351768 1.259695 -36.721782 113.579677 0.052161 0.168946 0.029954 0.983788
1664955025.851768 1.052608 -36.660702 112.951247 0.057534 0.173119 0.038113 0.982480
1664955026.351768 0.864540 -36.605591 112.342950 0.049313 0.176815 0.058434 0.981270
1664955026.851768 0.643064 -36.561543 111.735376 0.043257 0.182190 0.061384 0.980392
1664955027.351768 0.439766 -36.510381 111.097314 0.042348 0.180516 0.060818 0.980776
1664955027.851512 0.254702 -36.474933 110.609587 0.040509 0.155314 0.052418 0.985641
1664955028.351408 0.068038 -36.434693 110.052125 0.046352 0.140325 0.041262 0.988159
1664955028.851409 -0.108044 -36.372106 109.472740 0.050033 0.136340 0.036703 0.988717
1664955029.351438 -0.263551 -36.312053 108.829837 0.045403 0.132455 0.037877 0.989424
1664955029.851447 -0.394424 -36.266393 108.317800 0.046987 0.117743 0.037561 0.991220
1664955030.351447 -0.512436 -36.196451 107.799297 0.049429 0.114692 0.036708 0.991491
1664955030.851447 -0.658999 -36.172047 107.218812 0.047510 0.100478 0.035606 0.993166
1664955031.351447 -0.757354 -36.089623 106.676582 0.050624 0.091943 0.035228 0.993852
1664955031.851447 -0.868493 -36.043710 106.124237 0.052458 0.076347 0.035817 0.995056
1664955032.351447 -0.961323 -35.985981 105.606465 0.055720 0.059526 0.033104 0.996120
1664955032.851447 -1.029339 -35.916990 105.088795 0.058346 0.036275 0.028518 0.997229
1664955033.351447 -1.064037 -35.872964 104.578439 0.060353 0.017459 0.029160 0.997598
1664955033.851447 -1.090717 -35.796258 104.090856 0.062574 -0.002350 0.028429 0.997633
1664955034.351447 -1.083174 -35.720407 103.526155 0.065556 -0.021252 0.028720 0.997209
1664955034.851447 -1.074984 -35.635723 103.044357 0.062846 -0.035540 0.028920 0.996971
1664955035.351447 -1.035898 -35.554691 102.376190 0.070445 -0.046759 0.027852 0.996030
1664955035.851447 -0.978369 -35.475144 101.753325 0.068624 -0.058377 0.027549 0.995552
1664955036.351609 -0.936748 -35.371513 101.117957 0.069894 -0.057907 0.026057 0.995531
1664955036.851808 -0.888004 -35.275548 100.498181 0.069013 -0.056927 0.025664 0.995659
1664955037.351911 -0.859046 -35.195921 99.906604 0.066542 -0.053441 0.023189 0.996082
1664955037.851966 -0.849449 -35.112177 99.289312 0.065929 -0.049957 0.021936 0.996331
1664955038.351995 -0.841316 -35.036707 98.678105 0.067660 -0.043107 0.021191 0.996552
1664955038.851995 -0.813612 -34.958786 98.069046 0.064903 -0.037950 0.017450 0.997017
1664955039.351995 -0.790849 -34.869653 97.490419 0.062503 -0.033264 0.014274 0.997388
1664955039.851995 -0.765088 -34.786293 96.883931 0.063793 -0.028394 0.011773 0.997490
1664955040.351995 -0.761342 -34.668474 96.275668 0.066030 -0.022724 0.009454 0.997514
1664955040.851995 -0.750476 -34.590811 95.680577 0.065290 -0.018040 0.008068 0.997671
1664955041.351995 -0.772261 -34.516907 95.064784 0.063659 -0.012746 0.008376 0.997855
1664955041.851995 -0.811615 -34.431967 94.453051 0.065310 -0.006679 0.007445 0.997815
1664955042.351995 -0.848971 -34.338181 93.831489 0.064855 -0.000807 0.006447 0.997874
1664955042.851995 -0.879239 -34.255790 93.195060 0.065950 0.004972 0.007016 0.997786
1664955043.351995 -0.912628 -34.174512 92.570214 0.065561 0.009766 0.008103 0.997768
1664955043.851995 -0.949261 -34.075798 91.987288 0.065523 0.014965 0.005860 0.997722
1664955044.351995 -1.013372 -33.961350 91.341687 0.065608 0.020610 0.003591 0.997626
1664955044.851995 -1.065819 -33.872173 90.691363 0.066556 0.025518 0.003406 0.997451
1664955045.351995 -1.132825 -33.782839 90.133679 0.067462 0.052879 0.004283 0.996310
1664955045.851995 -1.214702 -33.718703 89.594732 0.064025 0.067155 0.006907 0.995662
1664955046.351995 -1.310473 -33.629220 89.037219 0.065445 0.097991 0.007934 0.993001
1664955046.851995 -1.430366 -33.558442 88.512869 0.064618 0.122108 0.009273 0.990368
1664955047.351995 -1.558462 -33.491532 88.023264 0.063263 0.144602 0.013346 0.987375
1664955047.851995 -1.731440 -33.401855 87.453806 0.067478 0.152191 0.012493 0.985966
1664955048.351995 -1.916155 -33.319552 86.903278 0.063934 0.155225 0.013362 0.985718
1664955048.851995 -2.076807 -33.240769 86.313227 0.064676 0.152965 0.013840 0.986016
1664955049.351995 -2.251822 -33.146195 85.749944 0.065406 0.149461 0.013110 0.986515
1664955049.851995 -2.382267 -33.092683 85.217506 0.064874 0.137477 0.011674 0.988309
1664955050.351995 -2.548074 -33.008909 84.628612 0.063926 0.132519 0.010573 0.989060
1664955050.851995 -2.711740 -32.910051 84.086753 0.062037 0.133140 0.011025 0.989092
1664955051.351995 -2.870817 -32.825634 83.483392 0.063370 0.132787 0.011989 0.989044
1664955051.851995 -3.026326 -32.742225 82.897450 0.062794 0.134254 0.011394 0.988890
1664955052.351995 -3.219211 -32.665408 82.289203 0.062664 0.136587 0.011555 0.988577
1664955052.851995 -3.393860 -32.575037 81.708425 0.063956 0.138839 0.011622 0.988179
1664955053.351995 -3.581359 -32.492308 81.113860 0.062922 0.141468 0.011908 0.987869
1664955053.851995 -3.740936 -32.414653 80.533163 0.063885 0.144008 0.011685 0.987443
1664955054.351995 -3.925180 -32.340717 79.935165 0.063943 0.146758 0.010305 0.987050
1664955054.851995 -4.108201 -32.265194 79.328079 0.062062 0.149192 0.012698 0.986777
1664955055.351995 -4.309674 -32.206836 78.731748 0.060172 0.152383 0.012246 0.986412
1664955055.851995 -4.462562 -32.153877 78.150584 0.058992 0.153569 0.012311 0.986299
1664955056.351995 -4.648466 -32.081552 77.551986 0.059342 0.150935 0.012580 0.986681
1664955056.851715 -4.835836 -32.010377 76.976200 0.059161 0.140443 0.013352 0.988229
1664955057.351607 -5.007852 -31.942574 76.375767 0.057603 0.131756 0.012352 0.989530
1664955057.851535 -5.169403 -31.869500 75.759599 0.059848 0.121162 0.011262 0.990763
1664955058.351466 -5.333991 -31.790549 75.119138 0.059047 0.121050 0.013209 0.990801
1664955058.851451 -5.499787 -31.708581 74.549682 0.056532 0.122988 0.013158 0.990709
1664955059.351451 -5.663845 -31.630569 73.938126 0.060608 0.125805 0.011631 0.990134
1664955059.851451 -5.841672 -31.560136 73.338732 0.060063 0.129415 0.011972 0.989697
1664955060.351451 -6.015749 -31.492508 72.745027 0.056945 0.131965 0.014209 0.989515
1664955060.851451 -6.210757 -31.434892 72.163398 0.054166 0.136049 0.014282 0.989117
1664955061.351451 -6.377456 -31.361820 71.541647 0.053908 0.138639 0.013584 0.988781
1664955061.851451 -6.546278 -31.295399 70.915978 0.053891 0.140883 0.015261 0.988441
1664955062.351451 -6.737686 -31.227111 70.326638 0.052506 0.144319 0.015671 0.988013
1664955062.851451 -6.922014 -31.164230 69.713099 0.052283 0.147457 0.015060 0.987571
1664955063.351451 -7.108206 -31.105730 69.111424 0.050942 0.151208 0.014613 0.987080
1664955063.851451 -7.301838 -31.044192 68.474986 0.051565 0.154071 0.015726 0.986588
1664955064.351451 -7.500208 -30.985275 67.835056 0.050217 0.155726 0.016575 0.986384
1664955064.851451 -7.691917 -30.936465 67.196778 0.051240 0.141455 0.015658 0.988494
1664955065.351451 -7.856881 -30.877743 66.650940 0.047676 0.136426 0.015829 0.989376
1664955065.851451 -8.024430 -30.842647 66.039958 0.046763 0.131926 0.014720 0.990046
1664955066.351451 -8.187577 -30.782800 65.456596 0.046791 0.133196 0.013035 0.989899
1664955066.851451 -8.342300 -30.723108 64.848644 0.045828 0.132660 0.012122 0.990027
1664955067.351451 -8.533633 -30.664093 64.196584 0.049162 0.132628 0.011444 0.989880
1664955067.851451 -8.726957 -30.609531 63.573498 0.046547 0.133804 0.011406 0.989848
1664955068.351245 -8.913982 -30.554766 62.916772 0.045490 0.135511 0.010197 0.989678
1664955068.851096 -9.105693 -30.500861 62.269627 0.043988 0.137428 0.012085 0.989461
1664955069.351024 -9.266827 -30.450042 61.734033 0.042937 0.138949 0.014297 0.989265
1664955069.850972 -9.423544 -30.406636 61.257952 0.043670 0.142673 0.013536 0.988713
1664955070.350947 -9.601864 -30.379153 60.730598 0.041404 0.148164 0.012595 0.988015
1664955070.850818 -9.749763 -30.315956 60.196822 0.043610 0.152301 0.013958 0.987273
1664955071.350709 -9.955316 -30.271354 59.643585 0.043586 0.156665 0.014063 0.986589
1664955071.850650 -10.120556 -30.228626 59.085963 0.040373 0.159496 0.012439 0.986294
1664955072.350626 -10.321578 -30.185347 58.533529 0.040935 0.163719 0.013560 0.985564
1664955072.850622 -10.532319 -30.151174 57.987432 0.038679 0.167364 0.016180 0.985003
1664955073.350622 -10.755833 -30.110111 57.409342 0.037718 0.162279 0.017446 0.985869
1664955073.850622 -10.977687 -30.068502 56.877903 0.043643 0.161488 0.017144 0.985760
1664955074.350622 -11.202651 -30.020538 56.258790 0.041280 0.161436 0.020422 0.985808
1664955074.850622 -11.430265 -29.972845 55.641891 0.042509 0.163281 0.021286 0.985433
1664955075.350622 -11.641773 -29.963608 55.093776 0.039558 0.164890 0.021881 0.985275
1664955075.850622 -11.861397 -29.922170 54.506823 0.039140 0.166667 0.023969 0.984944
1664955076.350622 -12.075183 -29.874105 53.905039 0.039965 0.168116 0.025278 0.984632
1664955076.850622 -12.314226 -29.833996 53.397096 0.040123 0.172077 0.026613 0.983906
1664955077.350622 -12.549793 -29.785866 52.805284 0.041542 0.175347 0.026939 0.983261
1664955077.850622 -12.779029 -29.749155 52.220651 0.040846 0.178433 0.029531 0.982660
1664955078.350622 -12.975768 -29.718374 51.673641 0.041806 0.176823 0.031521 0.982849
1664955078.850622 -13.216965 -29.727084 51.137621 0.041470 0.167984 0.031786 0.984404
1664955079.350622 -13.415192 -29.671293 50.608160 0.041909 0.166052 0.030838 0.984743
1664955079.850686 -13.601871 -29.643342 50.064752 0.040658 0.165940 0.030533 0.984824
1664955080.350808 -13.807218 -29.624346 49.525516 0.040131 0.167116 0.031176 0.984627
1664955080.850889 -14.000636 -29.602545 48.993247 0.034630 0.167693 0.029296 0.984795
1664955081.350947 -14.194957 -29.545351 48.431240 0.040255 0.168900 0.027403 0.984430
1664955081.850934 -14.382601 -29.507258 47.891746 0.038178 0.170815 0.028648 0.984146
1664955082.350934 -14.588993 -29.470146 47.325111 0.038757 0.172758 0.027208 0.983825
1664955082.850934 -14.776688 -29.413434 46.792527 0.036748 0.174681 0.027409 0.983557
1664955083.350934 -14.974589 -29.402628 46.236780 0.035106 0.176117 0.028842 0.983320
1664955083.850826 -15.181168 -29.399512 45.703113 0.023423 0.179005 0.029327 0.983132
1664955084.350756 -15.388332 -29.379512 45.134194 0.035484 0.181517 0.022083 0.982499
1664955084.850753 -15.628943 -29.369299 44.565442 0.038201 0.185105 0.019382 0.981785
1664955085.350756 -15.856287 -29.345429 44.058715 0.032353 0.188697 0.021004 0.981278
1664955085.850756 -16.056722 -29.309562 43.496374 0.033161 0.191042 0.022302 0.980768
1664955086.350756 -16.292136 -29.313444 42.943627 0.035179 0.193219 0.017807 0.980363
1664955086.850756 -16.514895 -29.275015 42.424051 0.031750 0.195853 0.015284 0.980000
1664955087.350756 -16.781182 -29.270204 41.855303 0.027301 0.191421 0.016265 0.980993
1664955087.850756 -16.996626 -29.250527 41.316865 0.026170 0.179637 0.017851 0.983223
1664955088.350756 -17.232956 -29.233808 40.743302 0.023884 0.176893 0.017384 0.983787
1664955088.850756 -17.457799 -29.205599 40.150160 0.024984 0.175300 0.020488 0.983985
1664955089.350756 -17.668643 -29.182489 39.573280 0.024107 0.174855 0.018446 0.984126
1664955089.850756 -17.912044 -29.174159 38.981403 0.019933 0.176559 0.017465 0.983933
1664955090.350756 -18.153529 -29.155687 38.403421 0.022850 0.178677 0.015663 0.983518
1664955090.850756 -18.388985 -29.137408 37.820830 0.021492 0.181285 0.017923 0.983032
1664955091.350756 -18.547593 -29.120534 37.423733 0.021590 0.181002 0.018329 0.983075
1664955091.850756 -18.608914 -29.114965 37.285230 0.022232 0.181817 0.017616 0.982923
1664955092.350756 -18.637487 -29.120599 37.243228 0.021672 0.182277 0.018393 0.982836
1664955092.850756 -18.650975 -29.124999 37.181475 0.021484 0.181625 0.018748 0.982954
1664955093.350756 -18.681081 -29.126208 37.130638 0.021518 0.181844 0.019148 0.982905
1664955093.850756 -18.721373 -29.132686 37.075848 0.021294 0.182408 0.019914 0.982791
1664955094.350756 -18.754146 -29.136805 37.026837 0.021265 0.182782 0.020366 0.982712
1664955094.850756 -18.796602 -29.140532 36.974594 0.021238 0.183611 0.020748 0.982551
1664955095.350756 -18.813849 -29.143523 36.919762 0.021222 0.183226 0.020908 0.982619
