1664949266.175175 0.000000 -1.000000 0.000000 -0.000000 1.000000 -0.000000 -0.000000
1664949267.175175 0.242200 -1.139756 -0.960108 -0.000000 1.000000 -0.000000 0.000000
1664949268.175236 -0.335151 -1.717106 -1.537458 -0.000000 1.000000 -0.000000 0.000000
1664949269.175238 -0.013273 -2.023373 -2.433336 -0.000307 1.000000 0.000242 -0.000267
1664949270.175238 -0.003004 -2.999703 -2.649374 -0.000307 1.000000 0.000242 -0.000267
1664949271.175238 0.571012 -2.709137 -1.883817 -0.000338 1.000000 0.000244 -0.000282
1664949272.175238 -0.041641 -3.007117 -2.615845 -0.000338 1.000000 0.000244 -0.000282
1664949273.175238 0.273025 -2.607478 -1.754872 -0.000338 1.000000 0.000244 -0.000282
1664949274.175238 0.349544 -2.536748 -0.760316 0.000417 1.000000 0.000278 -0.000334
1664949275.175238 0.368588 -2.547992 0.239439 0.002048 0.999982 0.002549 -0.004982
1664949276.175238 0.389917 -2.537701 1.239159 0.001582 0.999951 0.002532 -0.009421
1664949277.175238 0.389247 -2.525532 2.239085 0.002133 0.999913 0.000903 -0.013009
1664949278.175238 0.442970 -2.516852 3.237603 -0.000267 0.999926 -0.001324 -0.012082
1664949279.175238 0.467265 -2.509535 4.237281 -0.000870 0.999974 0.001062 0.007024
1664949280.175238 0.447597 -2.499000 5.237032 -0.000055 0.999929 0.002979 0.011526
1664949281.175238 0.411489 -2.499300 6.236380 0.000940 0.999911 0.002320 0.013085
1664949282.175238 0.376393 -2.486492 7.235682 0.000602 0.999911 0.002694 0.013045
1664949283.175238 0.339932 -2.491672 8.235003 0.002276 0.999918 0.003732 0.012033
1664949284.175238 0.324326 -2.487075 9.234871 0.001470 0.999952 0.002165 0.009481
1664949285.175238 0.309370 -2.487121 10.234759 0.001709 0.999975 0.003065 0.006153
1664949286.175238 0.299201 -2.463942 11.234439 0.001797 0.999992 0.001459 0.003226
1664949287.175238 0.317372 -2.446386 12.234119 0.003077 0.999991 -0.000131 -0.003054
1664949288.175238 0.329149 -2.432199 13.233949 0.001979 0.999968 -0.002460 -0.007363
1664949289.175238 0.324995 -2.427484 14.233930 0.000653 0.999932 0.000946 -0.011565
1664949290.175312 0.342971 -2.439965 15.233690 0.001977 0.999861 -0.000077 -0.016562
1664949291.175336 0.373484 -2.416526 16.232950 0.001360 0.999773 0.001666 -0.021197
1664949292.175336 0.435160 -2.407364 17.231004 -0.000494 0.999591 0.002244 -0.028502
1664949293.175336 0.475916 -2.410132 18.230169 -0.000575 0.999481 0.005048 -0.031819
1664949294.175446 0.546778 -2.413961 19.227648 0.000884 0.999234 0.004317 -0.038894
1664949295.175511 0.655140 -2.386459 20.221379 -0.000452 0.998959 0.000650 -0.045618
1664949296.175514 0.705721 -2.372884 21.220007 0.001050 0.998906 0.001715 -0.046710
1664949297.175514 0.802908 -2.361389 22.215206 0.002512 0.998577 0.001771 -0.053237
1664949298.175514 0.888529 -2.356868 23.211524 0.004759 0.998298 0.001918 -0.058086
1664949299.175514 1.011807 -2.346158 24.203838 0.003731 0.997904 0.000946 -0.064603
1664949300.175514 1.140323 -2.340230 25.195528 0.002779 0.997545 -0.000042 -0.069968
1664949301.175514 1.288199 -2.335170 26.184521 0.001129 0.997042 -0.000213 -0.076852
1664949302.175514 1.443373 -2.334838 27.172408 0.001788 0.996542 0.001569 -0.083054
1664949303.175514 1.615036 -2.319919 28.157451 0.001830 0.996005 -0.002302 -0.089251
1664949304.175514 1.846095 -2.325894 29.130372 0.000557 0.995220 -0.000936 -0.097656
1664949305.175514 2.010919 -2.297469 30.116286 0.001270 0.994573 -0.000760 -0.104032
1664949306.175514 2.283053 -2.285523 31.078471 0.002149 0.985050 -0.001340 -0.172248
1664949307.175514 2.649862 -2.276196 32.008720 -0.000616 0.976172 0.000796 -0.216998
1664949308.175514 3.086358 -2.283172 32.908400 -0.001500 0.973582 0.000086 -0.228334
1664949309.175514 3.587363 -2.279262 33.773835 -0.001907 0.959829 0.003699 -0.280553
1664949310.175568 4.137207 -2.264069 34.608964 -0.003440 0.941126 -0.001897 -0.338034
1664949311.175698 4.820447 -2.254324 35.339093 -0.002914 0.925073 -0.002316 -0.379771
1664949312.175744 5.519826 -2.255693 36.053843 0.000014 0.916557 -0.001170 -0.399902
1664949313.175744 6.281807 -2.271418 36.701252 0.002487 0.898222 0.002027 -0.439529
1664949314.175744 7.096315 -2.301086 37.280644 -0.000139 0.891035 0.005501 -0.453901
1664949315.175744 7.911004 -2.308549 37.860495 -0.000024 0.885602 0.005797 -0.464409
1664949316.175744 8.741979 -2.318889 38.416708 0.001721 0.880641 0.008374 -0.473707
1664949317.175744 9.570409 -2.316903 38.976797 0.000463 0.876784 0.005678 -0.480851
1664949318.175744 10.418962 -2.316027 39.505908 0.000922 0.872485 0.009933 -0.488539
1664949319.175744 11.271594 -2.310853 40.028393 -0.001062 0.869204 0.007630 -0.494393
1664949320.175744 12.096205 -2.312255 40.594091 -0.002654 0.918133 0.010077 -0.396136
1664949321.175744 12.775128 -2.317360 41.328283 -0.007773 0.949516 0.005416 -0.313576
1664949322.175744 13.339305 -2.329750 42.153845 -0.012351 0.976141 0.003900 -0.216749
1664949323.175744 13.817477 -2.329159 43.032110 -0.021134 0.982813 0.005610 -0.183304
1664949324.175643 14.154755 -2.316102 43.973425 -0.017417 0.983780 -0.006281 -0.178422
1664949325.175586 14.503299 -2.271043 44.909633 -0.009263 0.982602 -0.019525 -0.184461
1664949326.175572 14.871896 -2.210268 45.837234 0.005362 0.967186 0.002254 -0.254003
1664949327.175572 15.370044 -2.203095 46.704296 0.006266 0.963468 0.013422 -0.267414
1664949328.175572 15.907180 -2.218793 47.547646 0.009963 0.946423 0.008284 -0.322670
1664949329.175572 16.521306 -2.233884 48.336709 0.012366 0.941979 0.014488 -0.335130
1664949330.175572 17.135003 -2.249490 49.126097 0.005212 0.950201 0.007459 -0.311506
1664949331.175572 17.726864 -2.263514 49.932015 0.000647 0.957033 -0.004342 -0.289945
1664949332.175572 18.269415 -2.245804 50.771852 -0.001319 0.963954 -0.007692 -0.265956
1664949333.175460 18.771997 -2.222423 51.636065 0.005052 0.965745 -0.007701 -0.259330
1664949334.175406 19.285888 -2.201813 52.493673 0.000588 0.957845 -0.007413 -0.287190
1664949335.175396 19.845918 -2.165162 53.321334 -0.004843 0.955961 0.001215 -0.293451
1664949336.175396 20.398149 -2.149849 54.154884 -0.009243 0.967096 -0.004224 -0.254208
1664949337.175380 20.880944 -2.122293 55.030184 -0.005206 0.967927 0.002365 -0.251165
1664949338.175284 21.306955 -2.125948 55.934895 -0.000183 0.984843 -0.005824 -0.173348
1664949339.175228 21.638475 -2.108328 56.878178 -0.006920 0.989366 -0.019053 -0.144027
1664949340.175378 21.936501 -2.070521 57.831987 -0.012071 0.989727 -0.014925 -0.141673
1664949341.175549 22.180287 -2.026758 58.800828 -0.018007 0.994458 -0.017047 -0.102168
1664949342.175557 22.295488 -1.963406 59.792148 -0.017375 0.999776 -0.012095 0.000718
1664949343.175557 22.223502 -1.913961 60.788327 -0.012010 0.996885 -0.011983 0.077017
1664949344.175557 22.025977 -1.886145 61.768231 -0.023855 0.986143 -0.004035 0.164125
1664949345.175557 21.570372 -1.903906 62.658235 -0.027042 0.926593 0.007206 0.375022
1664949346.175557 20.811663 -1.902488 63.309664 -0.034110 0.853891 -0.000905 0.519332
1664949347.175557 19.894196 -1.944894 63.705208 -0.028976 0.839201 0.007350 0.543000
1664949348.175557 18.970491 -2.011608 64.082459 -0.039564 0.799779 0.020622 0.598634
1664949349.175557 18.021118 -2.098289 64.384416 -0.047477 0.783814 0.019755 0.618863
1664949350.175557 17.049182 -2.185527 64.602886 -0.041963 0.771417 0.018929 0.634663
1664949351.175557 16.059673 -2.238172 64.737424 -0.026944 0.743505 0.019395 0.667906
1664949352.175557 15.062735 -2.278446 64.804452 -0.022019 0.713310 0.024930 0.700059
1664949353.175557 14.066168 -2.351301 64.843782 -0.027554 0.707568 0.023617 0.705713
1664949354.175557 13.068067 -2.410543 64.860671 -0.024462 0.705829 0.011354 0.707869
1664949355.175557 12.069302 -2.459706 64.867827 -0.030759 0.709727 0.017331 0.703592
1664949356.175557 11.071178 -2.516393 64.890945 -0.018134 0.721640 0.008588 0.691977
1664949357.175557 10.073068 -2.559356 64.934888 -0.022140 0.746604 0.020763 0.664576
1664949358.175557 9.092973 -2.601421 65.128912 -0.027775 0.792555 0.020615 0.608819
1664949359.175557 8.140447 -2.671602 65.425169 -0.033631 0.815593 0.019395 0.577322
1664949360.175557 7.209750 -2.727104 65.786724 -0.038355 0.843204 0.028596 0.535461
1664949361.175557 6.314731 -2.805340 66.225838 -0.039199 0.860234 0.023253 0.507858
1664949362.175557 5.457100 -2.884632 66.733953 -0.045878 0.870158 0.027212 0.489877
1664949363.175557 4.615998 -2.930204 67.272907 -0.042642 0.881643 0.017931 0.469644
1664949364.175557 3.786499 -3.005493 67.826317 -0.039008 0.890275 0.015636 0.453480
1664949365.175557 2.998293 -3.045921 68.440399 -0.045596 0.894238 0.006926 0.445209
1664949366.175557 2.149507 -3.090355 68.967265 -0.042742 0.852200 -0.002953 0.521459
1664949367.175557 1.209321 -3.128945 69.305735 -0.041240 0.753807 0.003819 0.655789
1664949368.175557 0.211379 -3.189090 69.283494 -0.034604 0.609507 0.011116 0.791947
1664949369.175557 -0.733194 -3.253353 68.961543 -0.034966 0.551481 0.016485 0.833291
1664949370.175557 -1.546141 -3.318465 68.382857 -0.029016 0.361453 0.022127 0.931676
1664949371.175557 -2.225955 -3.383955 67.652402 -0.036576 0.345115 0.020009 0.937634
1664949372.175557 -2.824148 -3.480303 66.856864 -0.036766 0.247522 0.023427 0.967901
1664949373.175557 -3.178976 -3.547757 65.924369 -0.030444 0.121895 0.034105 0.991490
1664949374.175714 -3.345337 -3.607506 64.940116 -0.020245 0.057709 0.039954 0.997328
1664949375.175776 -3.433741 -3.656025 63.945213 -0.013007 0.021801 0.040610 0.998853
1664949376.175786 -3.468717 -3.697426 62.946683 -0.005037 0.024626 0.045213 0.998661
1664949377.175786 -3.471174 -3.681589 61.946811 0.007201 -0.020007 0.043730 0.998817
1664949378.175786 -3.456494 -3.650986 60.947388 0.010756 -0.012562 0.043828 0.998902
1664949379.175786 -3.444074 -3.612977 59.948187 0.006996 0.017493 0.045571 0.998783
1664949380.175786 -3.495410 -3.577606 58.950133 -0.000080 0.036775 0.041534 0.998460
1664949381.175927 -3.596411 -3.563859 57.955341 0.007065 0.054108 0.040055 0.997706
1664949382.175893 -3.711496 -3.541527 56.962237 -0.002068 0.100934 0.046946 0.993783
1664949383.175890 -3.955789 -3.555761 55.992640 -0.019846 0.193816 0.045548 0.979779
1664949384.175890 -4.381351 -3.592390 55.088452 -0.015962 0.294984 0.041445 0.954469
1664949385.175890 -5.005234 -3.637916 54.308262 -0.018823 0.401175 0.041170 0.914882
1664949386.175890 -5.780744 -3.689040 53.679000 -0.033054 0.455555 0.042772 0.888565
1664949387.175890 -6.638782 -3.774888 53.172639 -0.039454 0.544521 0.035739 0.837056
1664949388.175890 -7.543574 -3.878828 52.759665 -0.024082 0.622382 0.041259 0.781254
1664949389.175890 -8.469899 -3.953663 52.390447 -0.022307 0.536484 0.060287 0.841459
1664949390.175890 -9.373636 -4.054220 51.974336 -0.029445 0.521198 0.056893 0.851028
1664949391.175890 -10.281997 -4.176876 51.574541 -0.029729 0.574410 0.042851 0.816904
1664949392.175822 -11.233669 -4.287892 51.288191 -0.028490 0.652837 0.044643 0.755644
1664949393.175654 -12.224299 -4.375015 51.183022 -0.033615 0.690666 0.039681 0.721301
1664949394.175588 -13.218341 -4.483713 51.174916 -0.041711 0.712799 0.045115 0.698672
1664949395.175588 -14.211801 -4.585539 51.226575 -0.048771 0.725688 0.036621 0.685315
1664949396.175778 -15.205068 -4.689962 51.276732 -0.048541 0.726246 0.040227 0.684538
1664949397.176537 -16.196699 -4.805934 51.333468 -0.043189 0.727979 0.040440 0.683041
1664949398.176856 -17.185342 -4.922817 51.427935 -0.047884 0.737903 0.039978 0.672018
1664949399.176856 -18.173395 -5.030565 51.538121 -0.058465 0.767637 0.047530 0.636441
1664949400.176856 -19.147943 -5.166641 51.716275 -0.053931 0.786304 0.049636 0.613477
1664949401.176856 -20.113837 -5.294625 51.941375 -0.052138 0.791772 0.049609 0.606562
1664949402.176856 -21.068872 -5.430860 52.204716 -0.046274 0.801312 0.050829 0.594284
1664949403.177478 -22.010786 -5.542683 52.521408 -0.042877 0.839213 0.045621 0.540186
1664949404.177500 -22.906030 -5.658968 52.951543 -0.053728 0.857737 0.050566 0.508767
1664949405.177500 -23.734532 -5.790070 53.495966 -0.065659 0.893394 0.043909 0.442276
1664949406.177500 -24.499991 -5.902440 54.129563 -0.077315 0.916956 0.038895 0.389488
1664949407.177500 -25.202220 -6.025917 54.830725 -0.077610 0.918315 0.022385 0.387521
1664949408.177412 -25.924584 -6.138810 55.512961 -0.071738 0.921822 0.038867 0.378929
1664949409.176783 -26.593373 -6.238792 56.249660 -0.073407 0.932680 0.042395 0.350601
1664949410.176551 -27.180459 -6.361261 57.049866 -0.079760 0.956499 0.031575 0.278838
1664949411.176551 -27.714763 -6.463077 57.889004 -0.076210 0.957190 0.031889 0.277421
1664949412.176551 -28.254080 -6.543470 58.727261 -0.070987 0.958334 0.036017 0.274334
1664949413.176551 -28.744132 -6.648901 59.592555 -0.075279 0.967139 0.029423 0.241060
1664949414.176551 -29.176071 -6.737538 60.490091 -0.075254 0.977549 0.031175 0.194327
1664949415.175519 -29.507351 -6.819264 61.430078 -0.079458 0.985999 0.025295 0.144407
1664949416.175519 -29.759572 -6.883475 62.395615 -0.082214 0.990994 0.019219 0.103932
1664949417.175519 -29.972774 -6.919980 63.371941 -0.081446 0.992464 0.009053 0.091099
1664949418.175519 -30.143114 -6.943120 64.357054 -0.070920 0.995680 0.012287 0.058653
1664949419.175519 -30.253236 -6.973620 65.350504 -0.069187 0.996931 0.013730 0.033971
1664949420.175519 -30.296185 -6.990249 66.349443 -0.067208 0.997705 0.007110 0.004252
1664949421.175519 -30.233777 -6.986857 67.347488 -0.074556 0.996343 0.009047 -0.040755
1664949422.175519 -30.139660 -7.002137 68.342932 -0.070208 0.993475 0.009181 -0.089405
1664949423.175519 -29.946946 -6.998360 69.324180 -0.071869 0.989742 0.017222 -0.122269
1664949424.175519 -29.700038 -7.014567 70.293083 -0.069032 0.985770 0.020959 -0.151833
1664949425.175519 -29.363179 -7.032350 71.234470 -0.074937 0.982081 0.034189 -0.169506
1664949426.175526 -29.028134 -7.066668 72.176047 -0.075914 0.980160 0.035761 -0.179569
1664949427.175488 -28.710402 -7.100268 73.123632 -0.081225 0.989972 0.034794 -0.110213
1664949428.175485 -28.489342 -7.148688 74.097690 -0.076305 0.990701 0.023806 -0.110105
1664949429.175485 -28.264225 -7.180495 75.071502 -0.074176 0.989202 0.023976 -0.124111
1664949430.175611 -28.006102 -7.194722 76.037509 -0.080836 0.987878 0.029250 -0.129256
1664949431.175665 -27.800628 -7.239971 77.015125 -0.074835 0.993868 0.024919 -0.077494
1664949432.175660 -27.671297 -7.272124 78.006205 -0.068140 0.994793 0.017882 -0.073645
1664949433.175660 -27.482245 -7.281364 78.988129 -0.068625 0.988526 0.013666 -0.133868
1664949434.175660 -27.216917 -7.290341 79.952245 -0.069757 0.982344 0.008330 -0.173392
1664949435.175660 -26.804327 -6.917477 80.783355 -0.058984 0.972375 0.106080 -0.199387
1664949436.175660 -26.347708 -7.151160 81.641779 -0.073375 0.974638 0.072606 -0.198560
1664949437.175660 -25.950141 -7.244628 82.554579 -0.082057 0.975928 0.018230 -0.201242
1664949438.175660 -25.550790 -7.241962 83.471373 -0.080871 0.975193 0.017963 -0.205272
1664949439.175660 -25.142368 -7.240288 84.384165 -0.080403 0.974051 0.020381 -0.210582
1664949440.175660 -24.744815 -7.249625 85.301696 -0.077805 0.973521 0.017583 -0.214229
1664949441.175660 -24.322491 -7.257735 86.208105 -0.079340 0.972631 0.016947 -0.217733
1664949442.175660 -23.898862 -7.260736 87.113936 -0.077277 0.971895 0.014387 -0.221903
1664949443.175660 -23.488437 -7.234641 88.025457 -0.078476 0.971552 0.018408 -0.222688
1664949444.175660 -23.069920 -7.222969 88.933591 -0.086414 0.970899 -0.044512 -0.218873
1664949445.175660 -22.672669 -7.122942 89.845833 -0.054295 0.963894 0.023759 -0.259609
1664949446.175660 -22.146258 -7.131318 90.696022 -0.063401 0.939824 0.027168 -0.334622
1664949447.175660 -21.514293 -7.115082 91.470849 -0.070125 0.935362 0.025853 -0.345705
1664949448.175691 -20.814720 -7.080487 92.184572 -0.075280 0.916964 0.011986 -0.391621
1664949449.175793 -20.043767 -7.018301 92.818421 -0.074429 0.870091 0.006570 -0.487194
1664949450.175802 -19.196327 -6.964507 93.346581 0.069737 -0.856398 -0.015064 0.511363
1664949451.175802 -18.315362 -6.926958 93.818269 0.056136 -0.859040 -0.030013 0.507936
1664949452.175802 -17.404785 -6.905601 94.231055 0.052002 -0.803328 -0.027689 0.592616
1664949453.175802 -16.443071 -6.866200 94.502265 0.067787 -0.789205 -0.021107 0.610012
1664949454.175802 -15.476737 -6.815712 94.754553 0.078811 -0.783590 -0.011994 0.616143
1664949455.175802 -14.534101 -6.729610 95.077081 0.074597 -0.813122 -0.020164 0.576941
1664949456.175802 -13.646497 -6.691583 95.536116 -0.067736 0.912590 0.035881 -0.401627
1664949457.175781 -12.971621 -6.716584 96.273624 -0.048014 0.964195 0.052347 -0.255505
1664949458.175599 -12.469253 -6.788581 97.135275 -0.048896 0.970785 0.057042 -0.227887
1664949459.175586 -11.933270 -6.825333 97.978703 -0.057852 0.952348 0.041856 -0.296536
1664949460.175586 -11.339204 -6.857451 98.782478 -0.068012 0.938596 0.034466 -0.336489
1664949461.175586 -10.731186 -6.847440 99.576338 -0.065572 0.939187 0.019135 -0.336544
1664949462.175586 -10.087124 -6.813646 100.340565 -0.071399 0.939038 0.013946 -0.336029
1664949463.175586 -9.435896 -6.783395 101.098843 -0.074410 0.938143 0.012903 -0.337913
1664949464.175586 -8.786012 -6.746508 101.857981 -0.083936 0.924798 0.003263 -0.371069
1664949465.175586 -8.089820 -6.685831 102.573268 -0.084538 0.919796 0.004840 -0.383152
1664949466.175586 -7.367695 -6.620297 103.261920 -0.096283 0.915970 -0.001626 -0.389521
1664949467.175478 -6.701063 -6.545313 104.003526 -0.104112 0.946159 0.000846 -0.306502
1664949468.175490 -6.126549 -6.459585 104.817518 -0.112191 0.948268 -0.020058 -0.296308
1664949469.175492 -5.578475 -6.337545 105.644997 -0.114391 0.948950 -0.029191 -0.292499
1664949470.175492 -5.125633 -6.194737 106.525076 -0.116115 0.964653 -0.022827 -0.235460
1664949471.175492 -4.690652 -6.108958 107.421421 -0.115814 0.966693 -0.022001 -0.227174
1664949472.175411 -4.257466 -5.994306 108.315404 -0.117169 0.966559 -0.019907 -0.227242
1664949473.175366 -3.889556 -5.897555 109.240218 -0.115859 0.968063 -0.021193 -0.221318
1664949474.175354 -3.437520 -5.758513 110.121314 -0.116097 0.968493 -0.018946 -0.219507
1664949475.175354 -2.993855 -5.690943 111.014956 -0.115576 0.968380 -0.017344 -0.220414
1664949476.175318 -2.561226 -5.583630 111.910119 -0.118331 0.968131 -0.015254 -0.220198
1664949477.175298 -2.205451 -5.555225 112.844258 -0.117082 0.981668 -0.002721 -0.150373
1664949478.175320 -1.777915 -5.399435 113.734732 -0.120542 0.985813 0.001161 -0.116794
1664949479.175320 -1.520867 -5.368653 114.700640 -0.119477 0.985802 0.005039 -0.117874
1664949480.175320 -1.194737 -5.422551 115.644427 -0.120361 0.985436 0.009147 -0.119772
1664949481.175320 -0.893934 -5.468287 116.597016 -0.131790 0.981769 -0.073590 -0.115521
1664949482.175320 -0.677158 -5.184245 117.531001 -0.145903 0.972448 -0.146961 -0.107049
1664949483.175320 -0.467578 -4.835847 118.444618 -0.152118 0.972035 -0.137155 -0.114874
1664949484.175320 -0.257402 -4.487284 119.358034 -0.156022 0.973246 -0.118921 -0.119610
1664949485.175320 -0.080167 -4.191899 120.296829 -0.157580 0.973057 -0.116141 -0.121822
1664949486.175320 -0.188612 -3.766338 121.195237 -0.131974 0.982719 -0.031167 -0.125997
1664949487.175320 0.002993 -3.696830 122.174245 -0.094532 0.985361 0.056440 -0.130159
1664949488.175216 0.356160 -3.767262 123.107150 -0.105950 0.935738 0.038579 -0.334186
1664949489.175177 1.021203 -3.764006 123.853948 -0.110048 0.899159 0.033540 -0.422230
1664949490.175228 1.887453 -3.701280 124.349606 0.115255 -0.777186 -0.004102 0.618613
1664949491.175228 2.852775 -3.534635 124.550558 0.112020 -0.731073 0.000135 0.673041
1664949492.175228 3.835208 -3.381555 124.657300 0.117546 -0.700989 0.014002 0.703279
1664949493.175228 4.819115 -3.204097 124.636445 0.117220 -0.689502 0.004312 0.714722
1664949494.175217 5.801562 -3.026291 124.580024 0.117599 -0.678660 0.007396 0.724939
1664949495.175176 6.782233 -2.843431 124.510408 0.118094 -0.670677 0.005381 0.732269
1664949496.175182 7.770837 -2.695069 124.484887 0.108265 -0.671380 0.010272 0.733091
1664949497.175182 8.756023 -2.537882 124.416338 0.112491 -0.677338 0.006123 0.726995
1664949498.175182 9.740593 -2.369705 124.367976 0.114553 -0.685828 -0.000116 0.718691
1664949499.175182 10.724420 -2.190584 124.367755 0.111152 -0.688522 0.002937 0.716641
1664949500.175182 11.708467 -2.012692 124.365389 0.113169 -0.690494 -0.003983 0.714420
1664949501.175182 12.695672 -1.855738 124.337250 0.109990 -0.689819 -0.001167 0.715577
1664949502.175182 13.678117 -1.671378 124.308722 0.115949 -0.686637 -0.001409 0.717693
1664949503.175182 14.662124 -1.497247 124.271186 0.110444 -0.684377 0.001398 0.720714
1664949504.175182 15.646824 -1.327501 124.231783 0.109706 -0.680185 0.002665 0.724780
1664949505.175227 16.633348 -1.163925 124.235432 0.111172 -0.678623 0.002916 0.726019
1664949506.175254 17.615873 -0.981276 124.199615 0.106205 -0.675764 0.007494 0.729388
1664949507.175249 18.597820 -0.808331 124.123000 0.109523 -0.675620 -0.000904 0.729069
1664949508.175249 19.582989 -0.649765 124.057434 0.110264 -0.676057 -0.003781 0.728542
1664949509.175249 20.568797 -0.495126 123.992084 0.114204 -0.683130 -0.004399 0.721299
1664949510.175249 21.554452 -0.333817 123.942449 0.117857 -0.683893 -0.007082 0.719965
1664949511.175249 22.542454 -0.179795 123.931133 0.115005 -0.686334 -0.006034 0.718111
1664949512.175249 23.528673 -0.017627 123.898367 0.115235 -0.685695 -0.008804 0.718656
1664949513.175249 24.510210 0.163290 123.836286 0.119272 -0.684440 -0.004465 0.719233
1664949514.175249 25.488894 0.353539 123.758926 0.117710 -0.681680 -0.005890 0.722096
1664949515.175249 26.474960 0.515344 123.720293 0.117282 -0.679647 -0.007502 0.724064
1664949516.175277 27.463538 0.661954 123.755210 0.118069 -0.727323 -0.015619 0.675883
1664949517.175386 28.446009 0.808205 123.870801 0.117801 -0.730987 -0.009910 0.672074
1664949518.175437 29.427149 0.974086 123.970039 0.119781 -0.723830 -0.008447 0.679450
1664949519.175437 30.410511 1.136617 124.051165 0.119493 -0.716191 -0.007566 0.687557
1664949520.175386 31.395873 1.302015 124.092465 0.120375 -0.708520 -0.005086 0.695330
1664949521.175329 32.380288 1.474505 124.126734 0.116138 -0.702118 -0.002989 0.702519
1664949522.175324 33.365046 1.648436 124.127400 0.120029 -0.696114 0.002876 0.707820
1664949523.175324 34.346963 1.837714 124.123848 0.116662 -0.691675 0.003128 0.712717
1664949524.175324 35.329376 2.019791 124.082466 0.119542 -0.685412 0.005779 0.718252
1664949525.175324 36.311842 2.204255 124.055376 0.117338 -0.680189 0.004966 0.723568
1664949526.175324 37.294988 2.382358 124.014103 0.117199 -0.675093 0.004418 0.728350
1664949527.175324 38.270673 2.573166 123.906256 0.116154 -0.669022 0.005117 0.734092
1664949528.175324 39.244424 2.755443 123.769936 0.113127 -0.639507 0.008092 0.760374
1664949529.175324 40.213611 2.955756 123.626578 0.113189 -0.617320 0.018529 0.778307
1664949530.175324 41.185500 3.154191 123.499870 0.113664 -0.655162 0.015125 0.746736
1664949531.175324 42.163382 3.345449 123.415210 0.115203 -0.710999 0.004602 0.693677
1664949532.175324 43.145908 3.529096 123.445483 0.116923 -0.717114 0.003264 0.687070
1664949533.175324 44.129442 3.706532 123.479817 0.115819 -0.716723 -0.000391 0.687673
1664949534.175324 45.113244 3.879690 123.526170 0.114690 -0.714501 0.002827 0.690164
1664949535.175324 46.096008 4.057279 123.577526 0.115048 -0.708623 0.003374 0.696137
1664949536.175324 47.082197 4.222255 123.592188 0.113569 -0.702488 0.003746 0.702566
1664949537.175324 48.069527 4.379411 123.614121 0.112772 -0.704230 0.005018 0.700940
1664949538.175324 49.057272 4.534555 123.631169 0.108786 -0.708852 -0.002741 0.696912
1664949539.175324 50.043247 4.688887 123.694685 0.112242 -0.709150 0.000784 0.696065
1664949540.175324 51.032490 4.830424 123.731643 0.110714 -0.707829 -0.002705 0.697648
1664949541.175324 52.020927 4.980684 123.751978 0.111736 -0.705324 -0.001830 0.700021
1664949542.175324 53.009217 5.130665 123.780066 0.109584 -0.709933 -0.002570 0.695686
1664949543.175324 53.996143 5.289238 123.808915 0.111439 -0.713695 -0.006517 0.691504
1664949544.175324 54.985421 5.428760 123.852074 0.111466 -0.713073 -0.006263 0.692144
1664949545.175324 55.971942 5.583642 123.904870 0.111354 -0.712001 -0.007060 0.693257
1664949546.175324 56.958853 5.741399 123.938330 0.111990 -0.706035 -0.004690 0.699250
1664949547.175324 57.947770 5.888974 123.954564 0.111375 -0.701851 -0.004063 0.703552
1664949548.175324 58.935046 6.046378 123.977175 0.111102 -0.699578 -0.003304 0.705858
1664949549.175324 59.921839 6.205853 124.005576 0.109160 -0.697689 -0.003414 0.708027
1664949550.175324 60.907890 6.371465 123.988938 0.109959 -0.692751 -0.002194 0.712742
1664949551.175324 61.895117 6.528806 123.963922 0.108775 -0.687639 -0.002977 0.717853
1664949552.175324 62.880855 6.696279 123.947375 0.107338 -0.683486 -0.001105 0.722028
1664949553.175324 63.866895 6.851441 123.886963 0.109228 -0.678382 0.002090 0.726542
1664949554.175324 64.847307 7.038033 123.823913 0.109332 -0.672727 0.005262 0.731749
1664949555.175324 65.826622 7.226932 123.751387 0.109781 -0.667891 0.005387 0.736098
1664949556.175324 66.810327 7.386136 123.667848 0.109282 -0.663090 0.003562 0.740511
1664949557.175324 67.790642 7.550669 123.558707 0.109793 -0.654192 0.003204 0.748310
1664949558.175324 68.762951 7.735891 123.416205 0.110898 -0.629906 0.004126 0.768702
1664949559.175324 69.726796 7.914625 123.218577 0.106788 -0.606049 0.002592 0.788222
1664949560.175324 70.669629 8.107327 122.946673 0.109951 -0.572751 0.008451 0.812278
1664949561.175265 71.572823 8.320440 122.574083 0.106108 -0.530390 0.011910 0.841003
1664949562.175217 72.437507 8.535091 122.119939 0.103714 -0.492851 0.015093 0.863779
1664949563.175218 73.259096 8.742894 121.589082 0.108062 -0.436016 0.022124 0.893153
1664949564.175218 74.003173 8.965740 120.959248 0.101687 -0.367141 0.028662 0.924146
1664949565.176551 74.619511 9.185437 120.203034 0.102539 -0.286565 0.036951 0.951841
1664949566.176551 75.085635 9.414769 119.348554 0.101996 -0.203761 0.040002 0.972871
1664949567.176551 75.414630 9.634856 118.430228 0.092909 -0.125488 0.044872 0.986715
1664949568.176551 75.604772 9.831822 117.468432 0.093988 -0.054623 0.050718 0.992779
1664949569.176551 75.679881 10.036938 116.492581 0.090167 -0.001507 0.052098 0.994562
1664949570.176551 75.668208 10.216902 115.508977 0.091330 0.021896 0.060147 0.993761
1664949571.177122 75.658343 10.389084 114.523961 0.090609 -0.018579 0.059758 0.993918
1664949572.176968 75.681107 10.567750 113.540314 0.094363 -0.037201 0.051464 0.993511
1664949573.176997 75.733794 10.757618 112.559920 0.092963 -0.037091 0.046447 0.993894
1664949574.176997 75.795040 10.954287 111.581364 0.093119 -0.034768 0.046968 0.993939
1664949575.176997 75.862972 11.144415 110.601958 0.093214 -0.031585 0.050797 0.993848
1664949576.176641 75.900650 11.324145 109.618964 0.084757 -0.010919 0.056238 0.994753
1664949577.176430 75.844275 11.463472 108.630324 0.083856 0.050033 0.062879 0.993233
1664949578.176257 75.701957 11.631090 107.654798 0.086006 0.109740 0.069202 0.987811
1664949579.176257 75.454665 11.791899 106.699294 0.077976 0.153556 0.075221 0.982182
1664949580.176257 75.114190 11.911416 105.766668 0.071403 0.218010 0.082531 0.969826
1664949581.176257 74.648070 12.020967 104.888755 0.069827 0.288191 0.087214 0.951033
1664949582.176257 74.059504 12.113715 104.085644 0.062651 0.333005 0.091903 0.936342
1664949583.176257 73.419974 12.183562 103.320058 0.067825 0.333750 0.092613 0.935646
1664949584.175910 72.779196 12.244804 102.554777 0.060189 0.335427 0.095254 0.935303
1664949585.175734 72.122243 12.300375 101.802897 0.063934 0.340514 0.091679 0.933573
1664949586.175725 71.451608 12.352847 101.062968 0.061774 0.346599 0.091317 0.931512
1664949587.175699 70.765404 12.415268 100.338242 0.054024 0.377061 0.093837 0.919838
1664949588.175559 70.052833 12.445452 99.637292 0.055911 0.413681 0.096762 0.903537
1664949589.175587 69.290553 12.461864 98.990253 0.048751 0.438406 0.099436 0.891928
1664949590.175587 68.498012 12.464329 98.380439 0.047930 0.449308 0.098939 0.886587
1664949591.175587 67.692550 12.476956 97.787925 0.046535 0.455629 0.099291 0.883390
1664949592.175587 66.879564 12.478750 97.205646 0.049078 0.451929 0.098399 0.885251
1664949593.175520 66.072671 12.493093 96.615121 0.048917 0.446171 0.096513 0.888383
1664949594.175448 65.275374 12.503913 96.011632 0.050298 0.448984 0.094003 0.887157
1664949595.175407 64.469652 12.521838 95.419608 0.050381 0.454054 0.096699 0.884277
1664949596.175407 63.656841 12.514829 94.837123 0.048518 0.458794 0.099188 0.881655
1664949597.175407 62.830177 12.506618 94.274487 0.047863 0.464899 0.100330 0.878357
1664949598.175506 62.003338 12.502093 93.712067 0.046195 0.466682 0.100370 0.877496
1664949599.175642 61.177828 12.492250 93.147765 0.046921 0.467987 0.101723 0.876607
1664949600.175781 60.342672 12.489584 92.597759 0.045563 0.470521 0.101942 0.875295
1664949601.175781 59.506825 12.477172 92.048937 0.046655 0.475968 0.101592 0.872328
1664949602.175972 58.658381 12.457372 91.520021 0.043425 0.482747 0.103052 0.868590
1664949603.176188 57.804804 12.440361 90.999334 0.045363 0.489281 0.102883 0.864848
1664949604.176260 56.948382 12.431132 90.483138 0.044292 0.493755 0.104220 0.862196
1664949605.176260 56.087973 12.410570 89.973950 0.041427 0.494205 0.102007 0.862346
1664949606.176543 55.222043 12.391822 89.474136 0.043085 0.494649 0.102689 0.861929
1664949607.176671 54.360880 12.369536 88.966295 0.044364 0.496132 0.103516 0.860912
1664949608.176605 53.491664 12.351561 88.472190 0.042550 0.498192 0.102497 0.859935
1664949609.176337 52.627510 12.328082 87.969511 0.042639 0.500318 0.104089 0.858504
1664949610.176088 51.758017 12.297525 87.476512 0.042020 0.505532 0.102946 0.855613
1664949611.176044 50.883797 12.283168 86.991194 0.041714 0.505739 0.103793 0.855403
1664949612.176044 50.007150 12.246779 86.511437 0.039659 0.503785 0.104813 0.856529
1664949613.176044 49.135536 12.220446 86.021953 0.040946 0.504964 0.106345 0.855585
1664949614.176044 48.263494 12.187937 85.533603 0.044024 0.503244 0.107180 0.856341
1664949615.176017 47.383982 12.162387 85.058412 0.042078 0.504626 0.106714 0.855683
1664949616.175801 46.512965 12.138242 84.567754 0.039496 0.506571 0.105706 0.854782
1664949617.175740 45.630735 12.101259 84.098390 0.039086 0.510311 0.103478 0.852847
1664949618.175740 44.753729 12.069839 83.618938 0.039332 0.515249 0.103828 0.849818
1664949619.175652 43.866133 12.030342 83.160012 0.035616 0.517936 0.105660 0.848121
1664949620.175654 42.977144 11.979293 82.704938 0.036601 0.538248 0.105287 0.835383
1664949621.175644 42.069694 11.920988 82.288843 0.029033 0.575814 0.109519 0.809691
1664949622.175644 41.151340 11.867042 81.896776 0.034908 0.553622 0.107481 0.825065
1664949623.175644 40.216624 11.808582 81.546223 0.033076 0.550527 0.107035 0.827266
1664949624.175644 39.285175 11.745153 81.187921 0.031988 0.562757 0.106038 0.819169
1664949625.175644 38.354563 11.678501 80.828033 0.028164 0.573583 0.108386 0.811456
1664949626.175644 37.417950 11.603454 80.485800 0.026145 0.581956 0.112040 0.805041
1664949627.175566 36.480776 11.509654 80.149784 0.025718 0.587247 0.113354 0.801018
1664949628.175567 35.537162 11.424437 79.829893 0.028356 0.576119 0.113456 0.808957
1664949629.175564 34.604826 11.346723 79.476750 0.028266 0.570575 0.115342 0.812614
1664949630.175564 33.673602 11.262451 79.122180 0.029743 0.574651 0.115243 0.809698
1664949631.175564 32.733461 11.187688 78.789697 0.032141 0.593015 0.114848 0.796311
1664949632.175564 31.780158 11.096851 78.501665 0.021427 0.602153 0.122897 0.788574
1664949633.175564 30.823226 10.980959 78.235489 0.011950 0.612528 0.125080 0.780399
1664949634.175431 29.875808 10.813038 77.963087 -0.006853 0.604876 0.142302 0.783472
1664949635.175401 28.933778 10.628892 77.682606 -0.020356 0.580754 0.154401 0.799044
1664949636.175404 28.014293 10.416878 77.351552 -0.025772 0.591691 0.161990 0.789301
1664949637.175404 27.079348 10.196811 77.073255 -0.027944 0.599736 0.154210 0.784701
1664949638.175516 26.144257 9.979614 76.793202 -0.022138 0.600799 0.144830 0.785860
1664949639.175522 25.203499 9.790803 76.511554 -0.011799 0.599773 0.135149 0.788586
1664949640.175333 24.251524 9.643108 76.243357 0.011127 0.606380 0.116987 0.786444
1664949641.175392 23.288445 9.541053 75.994231 0.031839 0.612718 0.103605 0.782834
1664949642.175393 22.317221 9.478677 75.764376 0.052585 0.620748 0.089129 0.777151
1664949643.175399 21.342025 9.472454 75.543121 0.065729 0.624754 0.078377 0.774093
1664949644.175515 20.364414 9.497845 75.334238 0.073093 0.620715 0.071548 0.777336
1664949645.175565 19.396412 9.538546 75.086618 0.078643 0.562814 0.066497 0.820143
1664949646.175565 18.469093 9.615214 74.720282 0.083985 0.557230 0.060492 0.823882
1664949647.175565 17.547887 9.720614 74.345756 0.097075 0.555357 0.053997 0.824160
1664949648.175565 16.623266 9.832633 73.981714 0.094139 0.554497 0.058067 0.824803
1664949649.175565 15.697845 9.939258 73.618082 0.072098 0.555304 0.070063 0.825549
1664949650.175679 14.760349 9.963787 73.270952 0.071064 0.558500 0.066797 0.823751
1664949651.175675 13.824092 9.985902 72.920333 0.040292 0.561732 0.071636 0.823227
1664949652.175666 12.886351 9.998557 72.573228 0.034082 0.564284 0.070320 0.821874
1664949653.175666 11.949058 9.985432 72.224933 0.031438 0.570223 0.073470 0.817594
1664949654.175666 11.006956 9.966145 71.890162 0.027276 0.572350 0.078571 0.815781
1664949655.175666 10.078925 9.931220 71.519299 0.025153 0.573808 0.080284 0.814657
1664949656.175666 9.140175 9.883718 71.177990 0.021241 0.576380 0.082593 0.812720
1664949657.175666 8.212170 9.821942 70.810580 0.018032 0.576462 0.083907 0.812604
1664949658.175666 7.279901 9.761909 70.453829 0.028788 0.518199 0.082135 0.850820
1664949659.175666 6.388007 9.756100 70.001623 0.032571 0.510483 0.083223 0.855231
1664949660.175666 5.519272 9.732532 69.506906 0.034020 0.489372 0.081068 0.867632
1664949661.175666 4.667688 9.729144 68.982698 0.032254 0.477472 0.083274 0.874097
1664949662.175666 3.838716 9.718530 68.423509 0.038355 0.444772 0.080028 0.891237
1664949663.175666 3.094338 9.771122 67.757825 0.042242 0.383536 0.076526 0.919380
1664949664.175513 2.387060 9.784663 67.051019 0.050458 0.296690 0.071002 0.950993
1664949665.175561 1.857993 9.852342 66.205142 0.057749 0.210060 0.065800 0.973761
1664949666.175566 1.459398 9.942506 65.292458 0.061161 0.180573 0.064033 0.979568
1664949667.175566 1.114406 10.051744 64.360231 0.062180 0.158364 0.061302 0.983512
1664949668.175566 0.859919 10.195897 63.403959 0.066671 0.125826 0.056589 0.988191
1664949669.175566 0.632142 10.339356 62.440872 0.068726 0.098325 0.053926 0.991313
1664949670.175566 0.435192 10.465478 61.468604 0.066927 0.081455 0.052774 0.993026
1664949671.175566 0.274053 10.597120 60.490491 0.066700 0.074680 0.051638 0.993633
1664949672.175566 0.127270 10.736049 59.511128 0.070025 0.046121 0.049199 0.995263
1664949673.175566 0.020805 10.880069 58.527297 0.070220 0.039394 0.047632 0.995615
1664949674.175566 -0.053930 11.050592 57.544781 0.073294 0.040005 0.046135 0.995439
1664949675.175566 -0.127139 11.205949 56.559639 0.070249 0.023121 0.043766 0.996301
1664949676.175566 -0.210833 11.337370 55.571852 0.069102 0.033841 0.044521 0.996041
1664949677.175566 -0.276069 11.471624 54.583055 0.068619 0.040517 0.045522 0.995780
1664949678.175566 -0.375410 11.627006 53.600208 0.070007 0.041919 0.043375 0.995721
1664949679.175566 -0.463782 11.761800 52.613283 0.071699 0.036279 0.043939 0.995797
1664949680.175566 -0.537623 11.898436 51.625417 0.070151 0.019465 0.043034 0.996418
1664949681.175566 -0.565888 12.031190 50.634672 0.069632 0.015151 0.042578 0.996549
1664949682.175566 -0.604170 12.187336 49.647680 0.067797 0.013090 0.040781 0.996779
1664949683.175566 -0.642050 12.314705 48.656548 0.068398 0.017306 0.041647 0.996638
1664949684.175566 -0.713603 12.462584 47.670134 0.070060 0.050428 0.044043 0.995293
1664949685.175566 -0.821766 12.604062 46.686120 0.065480 0.064794 0.046126 0.994679
1664949686.175566 -0.969012 12.717796 45.703581 0.066526 0.075250 0.050276 0.993672
1664949687.175451 -1.122451 12.852407 44.724634 0.065997 0.084344 0.050921 0.992944
1664949688.175407 -1.258360 12.957238 43.739474 0.065648 0.054595 0.048367 0.995174
1664949689.175398 -1.336616 13.088642 42.751239 0.068005 0.013179 0.045134 0.996576
1664949690.175323 -1.378028 13.232134 41.762454 0.068183 0.014467 0.045289 0.996539
1664949691.175282 -1.410236 13.375914 40.773369 0.069719 0.017507 0.047302 0.996291
1664949692.175274 -1.482917 13.514411 39.785677 0.066155 0.021976 0.047272 0.996447
1664949693.175274 -1.526615 13.653076 38.796302 0.067209 0.025178 0.046829 0.996321
1664949694.175274 -1.658918 13.774259 37.812528 0.067517 0.029011 0.046908 0.996192
1664949695.175274 -2.043218 13.178941 37.106901 0.067517 0.029011 0.046908 0.996192
1664949696.175274 -1.251270 13.310601 36.510675 0.812405 0.053755 -0.579869 -0.029322
1664949697.175274 -1.713009 14.002101 35.955135 0.812405 0.053755 -0.579869 -0.029322
