1664949265.875175 -0.018657 0.007913 -0.084249 0.000142 0.000654 -0.000013 1.000000
1664949266.375175 -0.028215 0.008119 -0.147681 0.000199 0.001290 -0.000140 0.999999
1664949266.875175 -0.036869 0.014696 -0.227183 0.000499 0.001655 -0.000047 0.999999
1664949267.375190 -0.043515 0.018610 -0.296785 0.000704 0.002084 -0.000076 0.999998
1664949267.875226 -0.055337 0.039831 -0.376251 0.001611 0.002493 -0.000006 0.999996
1664949268.375240 -0.069170 0.039246 -0.444709 0.001616 0.003154 -0.000012 0.999994
1664949268.875239 -0.077604 0.045108 -0.507419 0.001981 0.003634 0.000084 0.999991
1664949269.375238 -0.090880 0.056961 -0.592322 0.002390 0.004111 0.000078 0.999989
1664949269.875238 -0.094495 0.064868 -0.655653 0.002856 0.004343 0.000041 0.999986
1664949270.375238 -0.105188 0.074897 -0.721711 0.003370 0.004896 0.000120 0.999982
1664949270.875238 -0.120933 0.081274 -0.792953 0.003679 0.005592 0.000141 0.999978
1664949271.375238 -0.136996 0.085274 -0.864828 0.003824 0.006306 0.000179 0.999973
1664949271.875238 -0.155523 0.087922 -0.934075 0.004047 0.007109 0.000157 0.999967
1664949272.375238 -0.163915 0.097545 -1.003668 0.004472 0.007450 0.000261 0.999962
1664949272.875238 -0.170581 0.102393 -1.075751 0.004655 0.007772 0.000231 0.999959
1664949273.375238 -0.168279 0.102503 -1.139458 0.004744 0.007671 0.000341 0.999959
1664949273.875238 -0.178510 0.102357 -1.244900 0.003152 0.008161 0.000245 0.999962
1664949274.375238 -0.181470 0.104213 -1.462446 0.003682 0.008962 -0.000117 0.999953
1664949274.875238 -0.173715 0.111740 -1.744318 0.002878 0.009694 0.000985 0.999948
1664949275.375238 -0.175064 0.119897 -2.099118 0.002860 0.012332 0.001106 0.999919
1664949275.875238 -0.167828 0.121993 -2.463748 0.002838 0.014052 0.001284 0.999896
1664949276.375238 -0.182171 0.131409 -2.879274 0.002002 0.015543 0.001720 0.999876
1664949276.875238 -0.196433 0.137627 -3.302567 0.003415 0.018982 0.001014 0.999813
1664949277.375238 -0.218067 0.151926 -3.694434 0.002304 0.022518 0.001634 0.999742
1664949277.875238 -0.242253 0.152647 -4.165165 0.004669 0.021711 -0.000217 0.999753
1664949278.375238 -0.255898 0.165784 -4.563143 0.001119 0.009200 0.000021 0.999957
1664949278.875238 -0.267783 0.167408 -4.970836 0.003418 0.000222 -0.002304 0.999991
1664949279.375238 -0.272108 0.166641 -5.397455 0.001678 -0.002512 -0.000982 0.999995
1664949279.875238 -0.284488 0.162321 -5.849159 0.001091 -0.003610 -0.001488 0.999992
1664949280.375238 -0.294519 0.166891 -6.333286 -0.000331 -0.004191 -0.000679 0.999991
1664949280.875238 -0.275630 0.166596 -6.831907 0.001362 -0.005123 -0.001122 0.999985
1664949281.375238 -0.275269 0.175787 -7.305595 0.000837 -0.005584 -0.001069 0.999983
1664949281.875238 -0.230610 0.170913 -7.776600 0.001925 -0.005319 -0.001058 0.999983
1664949282.375238 -0.225155 0.188414 -8.248063 0.002052 -0.006461 -0.001538 0.999976
1664949282.875238 -0.218184 0.197951 -8.721811 0.001008 -0.004696 -0.001590 0.999987
1664949283.375238 -0.202153 0.196037 -9.201695 0.000199 -0.005414 -0.001354 0.999984
1664949283.875238 -0.201704 0.197365 -9.688654 -0.000423 -0.003393 -0.001784 0.999993
1664949284.375238 -0.183729 0.214020 -10.176453 0.000794 -0.002814 -0.002390 0.999993
1664949284.875238 -0.170079 0.226357 -10.642052 0.000185 -0.002183 -0.001710 0.999996
1664949285.375238 -0.161950 0.228226 -11.155332 0.001033 -0.001091 -0.001919 0.999997
1664949285.875238 -0.151358 0.211301 -11.642354 -0.000846 0.000662 -0.001809 0.999998
1664949286.375238 -0.146320 0.217726 -12.140697 0.000314 0.002778 -0.001609 0.999995
1664949286.875238 -0.155619 0.221825 -12.686191 0.000089 0.005191 -0.002257 0.999984
1664949287.375238 -0.188770 0.225788 -13.177595 -0.000244 0.008028 -0.002246 0.999965
1664949287.875238 -0.208837 0.226440 -13.688702 0.000423 0.010824 -0.003271 0.999936
1664949288.375238 -0.240178 0.225266 -14.193272 0.000776 0.014110 -0.003215 0.999895
1664949288.875238 -0.265930 0.234246 -14.676789 -0.001852 0.016870 -0.004277 0.999847
1664949289.375238 -0.309262 0.225818 -15.155291 -0.000693 0.020416 -0.003966 0.999783
1664949289.875295 -0.379581 0.209253 -15.627091 -0.000964 0.025236 -0.004623 0.999670
1664949290.375321 -0.411808 0.193913 -16.123918 -0.001135 0.027449 -0.005207 0.999609
1664949290.875336 -0.422822 0.183656 -16.631899 -0.003149 0.029704 -0.005942 0.999536
1664949291.375336 -0.492144 0.194213 -17.129909 -0.002840 0.034014 -0.006520 0.999396
1664949291.875336 -0.531201 0.199188 -17.647365 -0.004736 0.036689 -0.006973 0.999291
1664949292.375336 -0.599037 0.211135 -18.212468 -0.002409 0.041102 -0.006673 0.999130
1664949292.875336 -0.642292 0.240932 -18.670762 -0.001416 0.044412 -0.006635 0.998990
1664949293.375371 -0.715521 0.238981 -19.176111 -0.002587 0.048441 -0.006491 0.998802
1664949293.875427 -0.780575 0.229609 -19.705459 -0.002848 0.052659 -0.007783 0.998578
1664949294.375458 -0.827923 0.228303 -20.227324 -0.005726 0.055042 -0.007560 0.998439
1664949294.875492 -0.893567 0.228802 -20.807393 -0.003949 0.058391 -0.008650 0.998249
1664949295.375514 -0.940875 0.243830 -21.320249 -0.005450 0.059930 -0.009340 0.998144
1664949295.875514 -1.014738 0.245279 -21.918723 -0.004341 0.063128 -0.008455 0.997960
1664949296.375514 -1.091949 0.247631 -22.515584 -0.004671 0.064698 -0.007165 0.997868
1664949296.875514 -1.178240 0.243891 -23.105799 -0.005199 0.067498 -0.007273 0.997679
1664949297.375514 -1.258172 0.237660 -23.658110 -0.006247 0.071362 -0.007169 0.997405
1664949297.875514 -1.336727 0.221177 -24.238187 -0.006213 0.074470 -0.005962 0.997186
1664949298.375514 -1.375780 0.231488 -24.810720 -0.005553 0.077461 -0.006777 0.996957
1664949298.875514 -1.436132 0.245156 -25.388899 -0.006252 0.079165 -0.008786 0.996803
1664949299.375514 -1.518993 0.220689 -25.957380 -0.006998 0.082780 -0.009436 0.996499
1664949299.875514 -1.614327 0.217562 -26.496267 -0.007688 0.086192 -0.011505 0.996182
1664949300.375514 -1.690119 0.195773 -26.990765 -0.008165 0.089575 -0.012556 0.995867
1664949300.875514 -1.787618 0.198884 -27.531967 -0.005474 0.093008 -0.013655 0.995557
1664949301.375514 -1.919756 0.239154 -28.041271 -0.008094 0.098086 -0.013545 0.995053
1664949301.875514 -2.048853 0.230971 -28.578340 -0.007429 0.102420 -0.013585 0.994621
1664949302.375514 -2.130743 0.256300 -29.099014 -0.005916 0.105317 -0.013775 0.994326
1664949302.875514 -2.234740 0.267935 -29.589453 -0.005047 0.109109 -0.014304 0.993914
1664949303.375514 -2.338503 0.271115 -30.125333 -0.003697 0.111552 -0.015821 0.993626
1664949303.875514 -2.489359 0.288465 -30.602110 -0.002959 0.115732 -0.015800 0.993150
1664949304.375514 -2.634063 0.263192 -31.124011 -0.005681 0.121224 -0.015105 0.992494
1664949304.875514 -2.821429 0.247209 -31.711246 -0.006041 0.127097 -0.015349 0.991753
1664949305.375514 -2.988417 0.245178 -32.210604 -0.007488 0.133635 -0.016467 0.990865
1664949305.875514 -3.126098 0.255598 -32.719484 -0.006613 0.170891 -0.017465 0.985113
1664949306.375514 -3.291645 0.251891 -33.154931 -0.005681 0.219673 -0.019210 0.975368
1664949306.875514 -3.535169 0.255916 -33.638896 -0.003908 0.237173 -0.017566 0.971301
1664949307.375514 -3.793821 0.257507 -34.071926 -0.005977 0.247710 -0.019181 0.968626
1664949307.875514 -4.070668 0.280130 -34.498815 -0.005758 0.255150 -0.020483 0.966667
1664949308.375514 -4.343300 0.280214 -34.922764 -0.005355 0.261812 -0.020882 0.964878
1664949308.875514 -4.548075 0.302755 -35.275246 -0.004705 0.291548 -0.021919 0.956294
1664949309.375514 -4.827663 0.298756 -35.648925 -0.004219 0.326201 -0.020738 0.945064
1664949309.875514 -5.159213 0.316036 -36.025158 -0.000806 0.355415 -0.021475 0.934461
1664949310.375612 -5.458997 0.379347 -36.366656 0.002261 0.382120 -0.023382 0.923814
1664949310.875675 -5.819122 0.391798 -36.693426 0.002852 0.406026 -0.024010 0.913542
1664949311.375710 -6.166401 0.418312 -37.007693 0.006066 0.419486 -0.025371 0.907387
1664949311.875736 -6.529961 0.457372 -37.311562 0.004532 0.428388 -0.025401 0.903226
1664949312.375744 -6.886656 0.472822 -37.600418 0.000681 0.437140 -0.022926 0.899101
1664949312.875744 -7.200822 0.483464 -37.819363 0.000121 0.466184 -0.022077 0.884412
1664949313.375744 -7.585064 0.496226 -38.096451 0.002922 0.474370 -0.024490 0.879980
1664949313.875744 -7.982768 0.512194 -38.345553 0.000200 0.481222 -0.024790 0.876248
1664949314.375744 -8.386657 0.509408 -38.576294 -0.002742 0.487521 -0.024325 0.872768
1664949314.875744 -8.834141 0.521892 -38.838087 -0.002209 0.493023 -0.025963 0.869626
1664949315.375744 -9.271232 0.524632 -39.072737 -0.002310 0.499322 -0.025148 0.866049
1664949315.875744 -9.716799 0.535272 -39.305236 -0.003040 0.505177 -0.022586 0.862715
1664949316.375744 -10.139565 0.548498 -39.523912 -0.003144 0.510457 -0.022360 0.859607
1664949316.875744 -10.558688 0.558490 -39.740032 -0.002632 0.515702 -0.022275 0.856474
1664949317.375744 -10.982355 0.577860 -39.961165 -0.002483 0.518366 -0.022290 0.854864
1664949317.875744 -11.390157 0.587489 -40.164244 -0.006862 0.525043 -0.020265 0.850807
1664949318.375744 -11.877500 0.586940 -40.384953 -0.005491 0.529175 -0.021539 0.848222
1664949318.875744 -12.314646 0.599357 -40.584107 -0.006228 0.532508 -0.020586 0.846152
1664949319.375744 -12.760459 0.605957 -40.789265 -0.004250 0.533320 -0.023343 0.845581
1664949319.875744 -13.094935 0.608845 -40.947094 -0.009194 0.462962 -0.023056 0.886031
1664949320.375744 -13.484158 0.616056 -41.205430 -0.008178 0.436973 -0.023544 0.899129
1664949320.875744 -13.853008 0.616871 -41.529445 -0.009703 0.390531 -0.023875 0.920229
1664949321.375744 -14.169574 0.624745 -41.852671 -0.005952 0.320097 -0.030203 0.946885
1664949321.875744 -14.405520 0.633422 -42.143844 -0.005874 0.270513 -0.034686 0.962073
1664949322.375744 -14.548465 0.637601 -42.396620 -0.005635 0.240790 -0.032593 0.970013
1664949322.875744 -14.657998 0.641172 -42.613984 -0.006726 0.230347 -0.031694 0.972569
1664949323.375744 -14.818524 0.646244 -42.909581 -0.003217 0.225652 -0.037307 0.973488
1664949323.875708 -14.973010 0.644476 -43.242616 0.003748 0.225447 -0.030846 0.973760
1664949324.375619 -15.153560 0.654274 -43.592854 0.003574 0.224300 -0.034110 0.973916
1664949324.875592 -15.358591 0.665670 -44.034998 0.010352 0.224306 -0.028372 0.974051
1664949325.375586 -15.550672 0.673523 -44.459823 0.011620 0.250340 -0.021059 0.967859
1664949325.875572 -15.768365 0.694118 -44.885831 0.009320 0.291164 -0.010833 0.956567
1664949326.375572 -16.017528 0.705338 -45.221813 -0.017859 0.298741 -0.010390 0.954111
1664949326.875572 -16.260347 0.694380 -45.594795 -0.022700 0.308460 -0.002551 0.950963
1664949327.375572 -16.546606 0.689692 -45.964296 -0.018287 0.314936 -0.006672 0.948913
1664949327.875572 -16.795566 0.679185 -46.283630 -0.022543 0.351779 -0.005112 0.935798
1664949328.375572 -17.096322 0.671824 -46.640686 -0.008308 0.372315 -0.009038 0.928025
1664949328.875572 -17.383314 0.669152 -46.937162 -0.013545 0.377569 -0.008880 0.925840
1664949329.375572 -17.670980 0.667607 -47.236577 -0.018479 0.382100 -0.006360 0.923914
1664949329.875572 -17.997337 0.661930 -47.558539 -0.015126 0.370149 -0.008495 0.928810
1664949330.375572 -18.331554 0.653664 -47.920931 -0.006961 0.344083 -0.010570 0.938854
1664949330.875572 -18.654646 0.659496 -48.288015 -0.002466 0.338192 -0.018971 0.940883
1664949331.375572 -18.940718 0.668762 -48.649404 0.002067 0.336119 -0.017896 0.941647
1664949331.875572 -19.255523 0.690736 -49.009052 0.000736 0.327224 -0.023412 0.944656
1664949332.375572 -19.556190 0.699575 -49.409709 0.005742 0.307895 -0.019130 0.951211
1664949332.875493 -19.828417 0.713220 -49.796298 0.002353 0.304177 -0.015968 0.952479
1664949333.375445 -20.067146 0.707531 -50.151475 0.001457 0.304331 -0.017921 0.952397
1664949333.875417 -20.303514 0.714951 -50.488478 0.000245 0.327473 -0.012875 0.944773
1664949334.375400 -20.589430 0.739115 -50.819201 -0.000035 0.338320 -0.017701 0.940865
1664949334.875396 -20.898320 0.765792 -51.163281 -0.002375 0.342282 -0.022420 0.939327
1664949335.375396 -21.164200 0.811878 -51.485487 -0.001243 0.335435 -0.024910 0.941733
1664949335.875396 -21.489349 0.832640 -51.888702 0.001171 0.305415 -0.029100 0.951774
1664949336.375396 -21.741712 0.853719 -52.220167 0.003617 0.302895 -0.032333 0.952468
1664949336.875396 -21.981106 0.870159 -52.563387 -0.002379 0.303268 -0.027588 0.952503
1664949337.375351 -22.224271 0.866840 -52.899150 0.000013 0.293913 -0.029883 0.955365
1664949337.875304 -22.434701 0.895997 -53.237558 0.004478 0.238537 -0.027861 0.970723
1664949338.375271 -22.599328 0.918537 -53.558663 0.007127 0.216711 -0.028398 0.975797
1664949338.875241 -22.745587 0.923398 -53.879479 0.008323 0.200623 -0.027346 0.979251
1664949339.375228 -22.907263 0.934977 -54.216028 0.012174 0.194727 -0.035131 0.980153
1664949339.875228 -23.069722 0.958735 -54.602464 0.014494 0.193165 -0.039017 0.980283
1664949340.375453 -23.209533 0.983328 -54.952052 0.012403 0.192656 -0.039495 0.980393
1664949340.875535 -23.331683 1.013810 -55.295216 0.014844 0.178566 -0.037797 0.983090
1664949341.375553 -23.434733 1.026367 -55.601232 0.010115 0.113651 -0.036333 0.992805
1664949341.875556 -23.513129 1.039272 -55.975916 0.009751 0.081141 -0.033213 0.996101
1664949342.375557 -23.580939 1.056201 -56.338977 0.015063 0.042698 -0.035099 0.998358
1664949342.875557 -23.601467 1.067497 -56.711290 0.006704 -0.014806 -0.032652 0.999335
1664949343.375557 -23.601042 1.084934 -57.126604 0.008325 -0.027379 -0.039893 0.998794
1664949343.875557 -23.550266 1.099089 -57.574519 0.002746 -0.096850 -0.043745 0.994333
1664949344.375557 -23.456458 1.107864 -57.991899 -0.001880 -0.155838 -0.049111 0.986559
1664949344.875557 -23.329109 1.106679 -58.371400 -0.009281 -0.252794 -0.048796 0.966244
1664949345.375557 -23.087947 1.091363 -58.736282 -0.017587 -0.368045 -0.051039 0.928240
1664949345.875557 -22.768036 1.075129 -59.044134 -0.016011 -0.453282 -0.051627 0.889727
1664949346.375557 -22.452364 1.054229 -59.278760 -0.018445 -0.473936 -0.053888 0.878715
1664949346.875557 -22.076526 1.016829 -59.522737 -0.017343 -0.475110 -0.054193 0.878085
1664949347.375557 -21.644506 0.978516 -59.794136 -0.020456 -0.510744 -0.051406 0.857951
1664949347.875557 -21.225100 0.940925 -60.013126 -0.027380 -0.536463 -0.055628 0.841644
1664949348.375557 -20.821486 0.898607 -60.201472 -0.032247 -0.555374 -0.062193 0.828645
1664949348.875557 -20.408826 0.851658 -60.374374 -0.033919 -0.572534 -0.062316 0.816805
1664949349.375557 -19.981867 0.803888 -60.527786 -0.032587 -0.579821 -0.060495 0.811842
1664949349.875557 -19.526528 0.766409 -60.666102 -0.030428 -0.589128 -0.054209 0.805645
1664949350.375557 -19.128845 0.726404 -60.791745 -0.032585 -0.591929 -0.054404 0.803492
1664949350.875557 -18.643371 0.678962 -60.922453 -0.034534 -0.621209 -0.046809 0.781483
1664949351.375557 -18.145853 0.621569 -61.001932 -0.035584 -0.647517 -0.039037 0.760218
1664949351.875557 -17.675966 0.572324 -61.082322 -0.035541 -0.654288 -0.040104 0.754344
1664949352.375557 -17.229143 0.527759 -61.143191 -0.039363 -0.660781 -0.034485 0.748753
1664949352.875557 -16.783291 0.483585 -61.208328 -0.037886 -0.664506 -0.039521 0.745275
1664949353.375557 -16.322583 0.438755 -61.272834 -0.039357 -0.666791 -0.043385 0.742939
1664949353.875557 -15.809658 0.390278 -61.364720 -0.026850 -0.667067 -0.047187 0.743016
1664949354.375557 -15.271230 0.342269 -61.436788 -0.021405 -0.666712 -0.044571 0.743674
1664949354.875557 -14.789468 0.302180 -61.486031 -0.025552 -0.665173 -0.045770 0.744847
1664949355.375557 -14.335317 0.259926 -61.538071 -0.031170 -0.659564 -0.046593 0.749555
1664949355.875557 -13.787386 0.191819 -61.612423 -0.023587 -0.652476 -0.033657 0.756694
1664949356.375557 -13.309362 0.159233 -61.692208 -0.023518 -0.641423 -0.035155 0.766021
1664949356.875557 -12.863079 0.118303 -61.766576 -0.031858 -0.632002 -0.040878 0.773232
1664949357.375557 -12.378420 0.066436 -61.872881 -0.031874 -0.616038 -0.040656 0.786021
1664949357.875557 -11.940382 0.018638 -62.003646 -0.031869 -0.584511 -0.046057 0.809450
1664949358.375557 -11.486257 -0.030656 -62.156320 -0.030727 -0.554785 -0.048761 0.829995
1664949358.875557 -11.084395 -0.057722 -62.323459 -0.032074 -0.530852 -0.048753 0.845453
1664949359.375557 -10.651818 -0.114257 -62.544004 -0.035345 -0.521399 -0.053246 0.850916
1664949359.875557 -10.303844 -0.167248 -62.723128 -0.043629 -0.495860 -0.058848 0.865307
1664949360.375557 -9.922998 -0.222570 -62.956890 -0.042500 -0.474856 -0.060729 0.876937
1664949360.875557 -9.534502 -0.273350 -63.215319 -0.037583 -0.458983 -0.062170 0.885470
1664949361.375557 -9.164741 -0.331086 -63.478548 -0.037138 -0.450592 -0.063953 0.889662
1664949361.875557 -8.820206 -0.387415 -63.745080 -0.037929 -0.438792 -0.066657 0.895310
1664949362.375557 -8.482567 -0.438403 -64.023693 -0.039756 -0.430214 -0.068703 0.899231
1664949362.875557 -8.164802 -0.494326 -64.295374 -0.033514 -0.424779 -0.071044 0.901882
1664949363.375557 -7.863260 -0.541955 -64.547125 -0.034286 -0.406462 -0.071465 0.910223
1664949363.875557 -7.511188 -0.598336 -64.871947 -0.028851 -0.398965 -0.068691 0.913934
1664949364.375557 -7.173151 -0.655276 -65.194924 -0.030023 -0.394270 -0.071059 0.915751
1664949364.875557 -6.854274 -0.709561 -65.505787 -0.028651 -0.390693 -0.076303 0.916906
1664949365.375557 -6.503841 -0.766970 -65.848270 -0.023786 -0.386352 -0.076313 0.918881
1664949365.875557 -6.211769 -0.811901 -66.144881 -0.010412 -0.410496 -0.079813 0.908303
1664949366.375557 -5.922513 -0.838469 -66.366259 -0.017221 -0.506547 -0.069618 0.859225
1664949366.875557 -5.516740 -0.876844 -66.572473 -0.021586 -0.583341 -0.069949 0.808922
1664949367.375557 -5.184596 -0.924279 -66.671052 -0.029014 -0.637072 -0.070094 0.767062
1664949367.875557 -4.839201 -0.967489 -66.722359 -0.034431 -0.725301 -0.066697 0.684328
1664949368.375557 -4.585018 -1.001251 -66.699941 -0.038829 -0.754309 -0.068107 0.651822
1664949368.875557 -4.236969 -1.053852 -66.627493 -0.039104 -0.776847 -0.059710 0.625631
1664949369.375557 -3.953619 -1.092854 -66.555121 -0.046167 -0.822805 -0.060463 0.563210
1664949369.875557 -3.749869 -1.128553 -66.459104 0.051383 0.875743 0.055943 -0.476764
1664949370.375557 -3.623287 -1.148726 -66.377056 0.056633 0.906714 0.055930 -0.414166
1664949370.875557 -3.351174 -1.209398 -66.150777 0.055248 0.907317 0.058256 -0.412711
1664949371.375557 -2.981234 -1.283569 -65.802650 0.056475 0.919246 0.052103 -0.386112
1664949371.875557 -2.728775 -1.337311 -65.545115 0.053859 0.936460 0.052100 -0.342677
1664949372.375557 -2.455987 -1.387951 -65.191912 0.058508 0.956901 0.048993 -0.280210
1664949372.875557 -2.308261 -1.425110 -64.891424 0.064122 0.979399 0.048218 -0.185313
1664949373.375565 -2.148793 -1.492325 -64.444873 0.067302 0.980056 0.043379 -0.181877
1664949373.875684 -1.973852 -1.553199 -63.939437 0.074228 0.981639 0.039162 -0.171294
1664949374.375729 -1.837983 -1.590146 -63.522289 0.078625 0.991698 0.031192 -0.096849
1664949374.875760 -1.755011 -1.603510 -63.126497 0.076307 0.992991 0.027018 -0.086118
1664949375.375786 -1.685308 -1.621586 -62.695293 0.078282 0.992959 0.020559 -0.086493
1664949375.875786 -1.600290 -1.641303 -62.226992 0.076808 0.993185 0.013792 -0.086565
1664949376.375786 -1.528186 -1.658064 -61.770274 0.079714 0.993171 0.013422 -0.084127
1664949376.875786 -1.464005 -1.669240 -61.298388 0.078508 0.995280 0.010964 -0.055977
1664949377.375786 -1.404529 -1.684031 -60.825928 0.074683 0.996278 0.000913 -0.043032
1664949377.875786 -1.369867 -1.680284 -60.414599 0.076405 0.995982 -0.000197 -0.046714
1664949378.375786 -1.322048 -1.682960 -60.011468 0.077001 0.995664 0.002019 -0.052144
1664949378.875786 -1.272926 -1.681106 -59.622368 0.076770 0.994669 0.006729 -0.068518
1664949379.375786 -1.214162 -1.691711 -59.219040 0.078604 0.992461 0.009037 -0.093598
1664949379.875786 -1.123218 -1.705217 -58.790792 0.077829 0.991702 0.016120 -0.101047
1664949380.375786 -1.011298 -1.720537 -58.287256 0.073953 0.991203 0.010591 -0.109252
1664949380.875918 -0.885753 -1.736542 -57.785742 0.072397 0.990655 0.013585 -0.114786
1664949381.375921 -0.776041 -1.753230 -57.295998 0.074269 0.989241 0.004959 -0.125940
1664949381.875899 -0.684317 -1.759889 -56.921446 0.076949 0.985287 0.011868 -0.152141
1664949382.375890 -0.566373 -1.778332 -56.567081 0.075005 0.980269 0.018949 -0.181899
1664949382.875890 -0.452787 -1.799087 -56.266020 0.076265 0.971279 0.026174 -0.223864
1664949383.375890 -0.304570 -1.825870 -55.955026 0.075835 0.955632 0.039239 -0.281918
1664949383.875890 -0.048935 -1.880366 -55.579942 0.072270 0.939338 0.039741 -0.332930
1664949384.375890 0.193156 -1.925484 -55.292734 0.068798 0.919044 0.039644 -0.386073
1664949384.875890 0.454584 -1.970477 -55.066967 0.063542 0.895339 0.045778 -0.438446
1664949385.375890 0.794101 -2.003543 -54.802671 0.061111 0.873922 0.045225 -0.480084
1664949385.875890 1.140799 -2.047338 -54.600616 -0.061370 -0.861801 -0.054898 0.500519
1664949386.375890 1.489795 -2.100448 -54.422681 -0.058324 -0.837376 -0.060071 0.540177
1664949386.875890 1.807189 -2.147100 -54.278958 -0.056635 -0.813528 -0.060367 0.575604
1664949387.375890 2.123564 -2.203132 -54.180402 -0.052806 -0.782756 -0.067579 0.616391
1664949387.875890 2.447621 -2.265317 -54.095394 -0.051907 -0.741908 -0.066591 0.665165
1664949388.375890 2.814242 -2.333434 -54.040527 -0.052001 -0.729133 -0.050698 0.680508
1664949388.875890 3.174813 -2.390684 -53.965549 -0.074198 -0.763502 -0.052005 0.639417
1664949389.375890 3.642802 -2.466285 -53.880775 -0.072953 -0.800729 -0.040279 0.593202
1664949389.875890 4.062935 -2.530240 -53.749084 -0.073659 -0.804136 -0.047845 0.587921
1664949390.375890 4.471683 -2.596577 -53.647220 -0.064242 -0.805712 -0.050804 0.586618
1664949390.875890 4.728957 -2.631431 -53.560915 -0.062129 -0.793800 -0.050954 0.602847
1664949391.375890 5.056464 -2.681214 -53.470757 -0.056407 -0.748969 -0.053098 0.658061
1664949391.875890 5.451003 -2.750821 -53.424081 -0.056967 -0.717488 -0.050749 0.692380
1664949392.375767 5.848034 -2.818442 -53.408757 -0.053068 -0.691089 -0.049591 0.719111
1664949392.875686 6.277561 -2.883622 -53.435745 -0.049174 -0.675424 -0.051860 0.733958
1664949393.375635 6.708717 -2.943400 -53.464772 -0.053064 -0.659669 -0.055417 0.747630
1664949393.875598 7.160246 -3.020123 -53.526566 -0.057108 -0.653437 -0.060158 0.752422
1664949394.375588 7.595132 -3.090118 -53.587074 -0.060399 -0.634437 -0.066464 0.767739
1664949394.875588 8.063741 -3.176388 -53.695990 -0.054214 -0.625809 -0.071861 0.774765
1664949395.375588 8.539529 -3.262042 -53.807398 -0.049140 -0.624770 -0.071894 0.775938
1664949395.875611 8.989167 -3.334235 -53.905543 -0.053027 -0.624565 -0.071742 0.775861
1664949396.375922 9.470606 -3.417744 -54.005273 -0.056958 -0.624045 -0.071562 0.776017
1664949396.876348 9.939692 -3.497647 -54.093842 -0.057282 -0.624433 -0.065441 0.776222
1664949397.376654 10.404470 -3.570515 -54.193699 -0.055045 -0.624336 -0.066599 0.776363
1664949397.876856 10.850768 -3.647884 -54.298012 -0.054360 -0.622438 -0.069936 0.777641
1664949398.376856 11.260304 -3.714135 -54.404900 -0.056854 -0.595630 -0.081247 0.797115
1664949398.876856 11.746824 -3.819209 -54.538280 -0.063289 -0.581583 -0.081437 0.806923
1664949399.376856 12.209561 -3.913055 -54.705717 -0.061352 -0.563797 -0.082820 0.819457
1664949399.876856 12.694227 -4.032210 -54.874545 -0.068024 -0.554574 -0.080556 0.825428
1664949400.376856 13.181136 -4.128495 -55.066724 -0.063168 -0.550163 -0.081076 0.828708
1664949400.876856 13.642845 -4.231481 -55.263878 -0.060972 -0.546057 -0.079123 0.831772
1664949401.376856 14.123509 -4.341052 -55.458193 -0.063524 -0.542797 -0.077823 0.833834
1664949401.876856 14.591699 -4.436155 -55.655336 -0.061695 -0.537634 -0.080435 0.837062
1664949402.377068 15.044297 -4.520295 -55.878304 -0.059047 -0.518018 -0.078275 0.849732
1664949402.877474 15.476415 -4.604242 -56.115361 -0.058386 -0.485236 -0.079616 0.868791
1664949403.377493 15.855591 -4.682565 -56.357284 -0.058733 -0.469753 -0.082935 0.876929
1664949403.877500 16.270824 -4.771450 -56.639055 -0.058330 -0.457165 -0.082904 0.883586
1664949404.377500 16.678688 -4.855076 -56.928843 -0.053580 -0.434625 -0.085992 0.894894
1664949404.877500 17.003095 -4.925340 -57.222114 -0.051780 -0.392838 -0.095283 0.913192
1664949405.377500 17.341550 -4.997675 -57.560181 -0.048270 -0.363284 -0.101958 0.924824
1664949405.877500 17.651871 -5.069812 -57.912832 -0.055307 -0.328910 -0.113197 0.935920
1664949406.377500 18.023605 -5.182654 -58.397668 -0.038051 -0.314499 -0.110568 0.942028
1664949406.877500 18.323076 -5.237885 -58.817132 -0.028241 -0.318922 -0.115333 0.940313
1664949407.377500 18.678708 -5.297349 -59.260760 -0.031409 -0.316114 -0.112917 0.941454
1664949407.877500 18.979131 -5.360390 -59.646569 -0.037128 -0.311591 -0.106980 0.943445
1664949408.377215 19.249075 -5.431594 -60.033636 -0.053971 -0.304768 -0.111986 0.944279
1664949408.876920 19.497351 -5.504375 -60.427115 -0.053612 -0.281804 -0.114256 0.951135
1664949409.376718 19.755045 -5.580262 -60.873431 -0.046558 -0.273045 -0.117091 0.953713
1664949409.876599 19.969885 -5.659368 -61.303501 -0.039138 -0.226348 -0.119633 0.965879
1664949410.376551 20.187149 -5.721968 -61.705096 -0.035112 -0.196513 -0.117733 0.972774
1664949410.876551 20.365672 -5.778176 -62.172781 -0.038147 -0.197795 -0.119193 0.972222
1664949411.376551 20.572887 -5.856981 -62.681388 -0.038565 -0.196361 -0.114638 0.973043
1664949411.876551 20.782602 -5.932371 -63.228292 -0.043933 -0.194808 -0.118139 0.972709
1664949412.376551 20.988127 -6.012785 -63.759191 -0.041933 -0.192836 -0.120009 0.972961
1664949412.876551 21.165723 -6.078155 -64.217070 -0.039136 -0.174538 -0.119921 0.976537
1664949413.376551 21.339786 -6.150180 -64.697789 -0.034657 -0.153023 -0.117710 0.980575
1664949413.876551 21.493470 -6.215725 -65.160187 -0.038403 -0.126531 -0.113691 0.984677
1664949414.376551 21.602530 -6.252980 -65.649385 -0.031424 -0.110840 -0.118785 0.986214
1664949414.876551 21.695916 -6.293855 -66.141706 -0.028178 -0.081839 -0.123450 0.988569
1664949415.375519 21.775977 -6.338671 -66.654165 -0.026513 -0.052703 -0.124224 0.990499
1664949415.875519 21.825681 -6.376813 -67.162871 -0.021159 -0.033514 -0.123802 0.991515
1664949416.375519 21.863318 -6.394491 -67.653604 -0.020556 -0.022103 -0.126435 0.991515
1664949416.875519 21.884209 -6.399839 -68.135526 -0.020627 -0.015213 -0.128276 0.991407
1664949417.375519 21.896982 -6.419877 -68.641747 -0.017104 -0.008498 -0.123976 0.992101
1664949417.875519 21.905446 -6.433922 -69.159900 -0.016579 0.005283 -0.123292 0.992218
1664949418.375519 21.901922 -6.449544 -69.687838 -0.013346 0.026939 -0.119792 0.992344
1664949418.875519 21.878277 -6.469046 -70.198122 -0.016948 0.042163 -0.118470 0.991917
1664949419.375519 21.834650 -6.472868 -70.744361 -0.014322 0.048503 -0.117915 0.991735
1664949419.875519 21.787314 -6.470305 -71.252647 -0.010255 0.062596 -0.116615 0.991150
1664949420.375519 21.727108 -6.464655 -71.716105 -0.008684 0.081737 -0.119414 0.989436
1664949420.875519 21.658885 -6.465919 -72.131523 -0.013147 0.095250 -0.121478 0.987926
1664949421.375519 21.569272 -6.460013 -72.492290 -0.014436 0.129779 -0.121735 0.983936
1664949421.875519 21.434513 -6.453410 -72.926026 -0.005673 0.156036 -0.124807 0.979818
1664949422.375519 21.284267 -6.447063 -73.389123 -0.011654 0.172736 -0.121917 0.977324
1664949422.875519 21.117967 -6.442085 -73.820812 -0.016786 0.198974 -0.119692 0.972523
1664949423.375519 20.920828 -6.440635 -74.290989 -0.015143 0.207725 -0.119712 0.970716
1664949423.875519 20.709089 -6.426751 -74.731047 -0.017121 0.226753 -0.123720 0.965911
1664949424.375519 20.490639 -6.421536 -75.173986 -0.022593 0.238816 -0.121779 0.963134
1664949424.875519 20.249427 -6.414073 -75.628672 -0.026310 0.243901 -0.124940 0.961358
1664949425.375587 20.012576 -6.408204 -76.028092 -0.037687 0.255090 -0.125583 0.957986
1664949425.875561 19.785030 -6.405171 -76.445343 -0.033397 0.256582 -0.123738 0.957987
1664949426.375515 19.611059 -6.408255 -76.763444 -0.037008 0.260496 -0.123693 0.956803
1664949426.875496 19.405953 -6.404617 -77.146252 -0.036270 0.216870 -0.124927 0.967494
1664949427.375485 19.214180 -6.410705 -77.542726 -0.034495 0.187980 -0.124807 0.973600
1664949427.875485 19.049561 -6.404689 -77.968454 -0.026839 0.183392 -0.127753 0.974334
1664949428.375485 18.897524 -6.408526 -78.363566 -0.030496 0.191276 -0.125918 0.972948
1664949428.875485 18.701494 -6.412833 -78.844538 -0.027325 0.197900 -0.129201 0.971286
1664949429.375485 18.515624 -6.409058 -79.314615 -0.027202 0.202870 -0.128792 0.970318
1664949429.875576 18.323476 -6.397971 -79.755583 -0.032528 0.207821 -0.130480 0.968879
1664949430.375624 18.120963 -6.401674 -80.217587 -0.030583 0.203133 -0.132065 0.969722
1664949430.875652 17.955199 -6.412828 -80.654425 -0.032140 0.162037 -0.127601 0.977972
1664949431.375665 17.811870 -6.413202 -81.115382 -0.027668 0.151259 -0.126155 0.980020
1664949431.875660 17.677297 -6.423605 -81.527935 -0.028671 0.149157 -0.123078 0.980705
1664949432.375660 17.566619 -6.428116 -81.881535 -0.025599 0.155472 -0.124535 0.979624
1664949432.875660 17.476223 -6.427367 -82.149236 -0.019002 0.190390 -0.123270 0.973753
1664949433.375660 17.417871 -6.427402 -82.282300 -0.013653 0.222121 -0.124874 0.966893
1664949433.875660 17.356808 -6.423491 -82.415951 -0.013996 0.233956 -0.124229 0.964176
1664949434.375660 17.288972 -6.415148 -82.535124 -0.010482 0.263137 -0.125012 0.956567
1664949434.875660 17.262207 -6.357331 -82.561066 -0.060390 0.279622 -0.120272 0.950631
1664949435.375660 17.134637 -6.374484 -82.758051 -0.094957 0.285947 -0.106670 0.947544
1664949435.875660 16.999042 -6.436898 -82.932675 -0.096400 0.288758 -0.105205 0.946709
1664949436.375660 16.810796 -6.437484 -83.190355 -0.020719 0.280984 -0.131819 0.950391
1664949436.875660 16.587827 -6.418504 -83.534534 -0.004644 0.283010 -0.136976 0.949274
1664949437.375660 16.441294 -6.394017 -83.769121 -0.009898 0.284423 -0.133683 0.949281
1664949437.875660 16.185378 -6.359864 -84.159454 -0.008050 0.287707 -0.135379 0.948068
1664949438.375660 15.965799 -6.332913 -84.498120 -0.014603 0.290169 -0.132448 0.947653
1664949438.875660 15.692358 -6.308687 -84.895954 -0.014923 0.293272 -0.133618 0.946528
1664949439.375660 15.424899 -6.278118 -85.299698 -0.011326 0.294669 -0.133857 0.946110
1664949439.875660 15.135190 -6.243897 -85.713730 -0.007537 0.298663 -0.134498 0.944804
1664949440.375660 14.861160 -6.212090 -86.116927 -0.008502 0.299829 -0.134464 0.944431
1664949440.875660 14.583507 -6.176298 -86.530635 -0.006366 0.301880 -0.135321 0.943672
1664949441.375660 14.326835 -6.145069 -86.897381 -0.006325 0.304573 -0.132635 0.943188
1664949441.875660 14.057781 -6.104672 -87.269208 -0.005466 0.307374 -0.133832 0.942115
1664949442.375660 13.782987 -6.068127 -87.643261 -0.006400 0.309262 -0.136812 0.941063
1664949442.875660 13.549915 -6.038211 -87.967810 -0.010626 0.312454 -0.132456 0.940593
1664949443.375660 13.272193 -6.007126 -88.284087 0.015302 0.313548 -0.158092 0.936195
1664949443.875660 13.103643 -5.981491 -88.550856 0.047319 0.305980 -0.154516 0.938223
1664949444.375660 12.941301 -5.885447 -88.843553 0.043765 0.305554 -0.143986 0.940207
1664949444.875660 12.861972 -5.868748 -88.978215 -0.018325 0.321041 -0.117607 0.939556
1664949445.375660 12.625945 -5.852785 -89.257374 -0.009054 0.394329 -0.118431 0.911261
1664949445.875660 12.239024 -5.803259 -89.623503 -0.014177 0.417336 -0.117292 0.901040
1664949446.375660 11.754224 -5.736253 -90.029912 -0.010220 0.425357 -0.123697 0.896474
1664949446.875660 11.259981 -5.675935 -90.453057 -0.012249 0.431074 -0.124833 0.893556
1664949447.375660 10.795382 -5.611790 -90.829083 -0.008306 0.436547 -0.126051 0.890769
1664949447.875660 10.321580 -5.538540 -91.177389 0.001349 0.452842 -0.134718 0.881353
1664949448.375747 9.924400 -5.476260 -91.469449 0.006953 0.496487 -0.128426 0.858463
1664949448.875792 9.500054 -5.403665 -91.709660 0.016226 0.541210 -0.130321 0.830569
1664949449.375793 9.145095 -5.333774 -91.859436 0.019652 0.583003 -0.128406 0.802018
1664949449.875796 8.688966 -5.235842 -92.037273 0.019860 0.590920 -0.125836 0.796608
1664949450.375802 8.138945 -5.139425 -92.219936 0.012925 0.587433 -0.118096 0.800505
1664949450.875802 7.645979 -5.039276 -92.352601 0.004404 0.589023 -0.113204 0.800135
1664949451.375802 7.088840 -4.941857 -92.526444 0.000440 0.589640 -0.109716 0.800179
1664949451.875802 6.696493 -4.887981 -92.654490 0.004490 0.637894 -0.103526 0.763121
1664949452.375802 6.272365 -4.844794 -92.743498 0.003385 0.671551 -0.099759 0.734204
1664949452.875802 5.743373 -4.781235 -92.778414 0.008360 0.681006 -0.107326 0.724322
1664949453.375802 5.146498 -4.681141 -92.813388 0.014304 0.684244 -0.118489 0.719420
1664949453.875802 4.578364 -4.571615 -92.852156 0.022255 0.687882 -0.124229 0.714765
1664949454.375802 4.050924 -4.459013 -92.889317 0.021247 0.690010 -0.120213 0.713431
1664949454.875802 3.510727 -4.354423 -92.914638 0.013768 0.690712 -0.117740 0.713348
1664949455.375802 3.129824 -4.279146 -92.950653 0.001543 0.626613 -0.121279 0.769835
1664949455.875802 2.749828 -4.217156 -93.042661 -0.012333 0.553787 -0.118966 0.824024
1664949456.375802 2.495884 -4.195376 -93.239941 -0.025965 0.421800 -0.108379 0.899814
1664949456.875802 2.321132 -4.179519 -93.378555 -0.037094 0.377476 -0.105641 0.919226
1664949457.375715 2.000267 -4.195194 -93.705112 -0.041080 0.327551 -0.099974 0.938631
1664949457.875632 1.704721 -4.190639 -94.079011 -0.042506 0.320956 -0.096766 0.941178
1664949458.375580 1.419361 -4.177110 -94.443378 -0.043203 0.317455 -0.096995 0.942310
1664949458.875566 1.123256 -4.162376 -94.789820 -0.041634 0.332192 -0.103317 0.936611
1664949459.375586 0.921016 -4.163522 -95.068926 -0.024933 0.403101 -0.107379 0.908492
1664949459.875586 0.551668 -4.131809 -95.386965 -0.016793 0.414038 -0.115583 0.902735
1664949460.375586 0.200753 -4.087553 -95.699599 -0.015446 0.423561 -0.113568 0.898588
1664949460.875586 -0.174774 -4.049228 -96.008385 -0.009422 0.423363 -0.118478 0.898130
1664949461.375586 -0.559198 -4.000448 -96.337629 -0.002239 0.421852 -0.118337 0.898906
1664949461.875586 -0.922704 -3.939420 -96.648341 0.000643 0.420304 -0.119252 0.899513
1664949462.375586 -1.299897 -3.878493 -96.952804 0.005173 0.421136 -0.125022 0.898325
1664949462.875586 -1.638834 -3.806690 -97.251611 0.002157 0.420298 -0.122094 0.899132
1664949463.375586 -2.020990 -3.745828 -97.563484 0.012772 0.435175 -0.125420 0.891476
1664949463.875586 -2.393706 -3.676734 -97.864104 0.017962 0.450153 -0.128755 0.883438
1664949464.375586 -2.778722 -3.598416 -98.151461 0.014948 0.456909 -0.133987 0.879237
1664949464.875586 -3.164953 -3.522239 -98.439572 0.014803 0.461543 -0.133357 0.876912
1664949465.375586 -3.550646 -3.448204 -98.720456 0.013991 0.464820 -0.138616 0.874375
1664949465.875586 -3.947332 -3.374287 -98.997138 0.019439 0.466706 -0.143065 0.872548
1664949466.375548 -4.350766 -3.271930 -99.284047 0.024665 0.466672 -0.151999 0.870922
1664949466.875487 -4.605918 -3.215763 -99.487051 0.021884 0.405869 -0.154958 0.900433
1664949467.375478 -4.917367 -3.138843 -99.748742 0.016957 0.385304 -0.161238 0.908436
1664949467.875485 -5.294551 -3.063487 -100.150780 0.027461 0.381112 -0.165719 0.909141
1664949468.375492 -5.660257 -2.965075 -100.525088 0.028957 0.377829 -0.170759 0.909532
1664949468.875492 -6.001871 -2.871383 -100.893933 0.032328 0.375316 -0.170659 0.910477
1664949469.375492 -6.330052 -2.787946 -101.263334 0.028227 0.372538 -0.165611 0.912684
1664949469.875492 -6.609782 -2.717661 -101.572986 0.034557 0.359264 -0.170897 0.916804
1664949470.375492 -6.747871 -2.672595 -101.728852 0.020241 0.316314 -0.175354 0.932087
1664949470.875492 -6.872242 -2.638457 -101.907079 0.020693 0.313338 -0.173866 0.933361
1664949471.375492 -7.006296 -2.600911 -102.101351 0.016831 0.310560 -0.172383 0.934641
1664949471.875445 -7.188399 -2.558166 -102.355713 0.020064 0.309532 -0.174868 0.934456
1664949472.375396 -7.366253 -2.505694 -102.596019 0.019027 0.308916 -0.176063 0.934457
1664949472.875375 -7.520441 -2.473876 -102.835071 0.023879 0.303755 -0.176261 0.935999
1664949473.375361 -7.645809 -2.432349 -103.033098 0.018838 0.306016 -0.173240 0.935942
1664949473.875354 -7.820645 -2.381546 -103.313694 0.023541 0.298615 -0.176909 0.937538
1664949474.375354 -7.915099 -2.351391 -103.472286 0.014695 0.301608 -0.172429 0.937595
1664949474.875354 -8.078395 -2.306636 -103.734430 0.021270 0.300016 -0.173572 0.937769
1664949475.375354 -8.171242 -2.274651 -103.876824 0.014681 0.301537 -0.173420 0.937436
1664949475.875354 -8.323511 -2.239239 -104.081355 0.016765 0.300152 -0.174688 0.937610
1664949476.375299 -8.436265 -2.195767 -104.238878 0.016140 0.299445 -0.175449 0.937705
1664949476.875285 -8.483983 -2.182133 -104.301606 0.002789 0.248917 -0.172732 0.952993
1664949477.375303 -8.553217 -2.165631 -104.436522 0.000198 0.232773 -0.173798 0.956876
1664949477.875316 -8.617915 -2.144571 -104.485041 -0.006015 0.200081 -0.181555 0.962792
1664949478.375320 -8.640244 -2.134259 -104.562588 -0.008914 0.202423 -0.177493 0.963038
1664949478.875320 -8.726731 -2.123006 -104.775164 -0.005755 0.200083 -0.175215 0.963967
1664949479.375320 -8.746853 -2.119121 -104.826528 -0.011152 0.202403 -0.175130 0.963451
1664949479.875320 -8.788479 -2.113416 -104.912631 -0.015263 0.202560 -0.175191 0.963351
1664949480.375320 -8.871945 -2.116726 -105.072326 -0.003910 0.202973 -0.179612 0.962562
1664949480.875320 -8.945007 -2.133413 -105.259259 0.043300 0.195031 -0.188711 0.961497
1664949481.375320 -9.033189 -2.104322 -105.464131 0.082617 0.189631 -0.198362 0.958054
1664949481.875320 -9.086983 -2.055622 -105.596278 0.091917 0.186874 -0.204254 0.956509
1664949482.375320 -9.171858 -1.968358 -105.849563 0.144842 0.178498 -0.213781 0.949451
1664949482.875320 -9.232902 -1.898256 -105.966125 0.128046 0.187613 -0.221998 0.948221
1664949483.375320 -9.284286 -1.842341 -106.122777 0.125252 0.191524 -0.219007 0.948508
1664949483.875320 -9.348535 -1.757704 -106.269356 0.111731 0.197564 -0.224211 0.947742
1664949484.375320 -9.414643 -1.689188 -106.474288 0.115617 0.197074 -0.221544 0.948005
1664949484.875320 -9.479412 -1.618771 -106.626331 0.095423 0.204670 -0.224451 0.947959
1664949485.375320 -9.539519 -1.565865 -106.830942 0.099677 0.204028 -0.211839 0.950558
1664949485.875320 -9.554928 -1.505536 -107.015297 0.087430 0.198860 -0.181945 0.959013
1664949486.375320 -9.622717 -1.431635 -107.114266 0.004888 0.209830 -0.178269 0.961336
1664949486.875320 -9.726298 -1.432599 -107.456910 -0.057270 0.211651 -0.138813 0.965741
1664949487.375315 -9.946688 -1.439833 -107.815226 -0.047446 0.248764 -0.152038 0.955380
1664949487.875243 -10.013858 -1.451050 -108.024567 -0.036978 0.351843 -0.151239 0.923020
1664949488.375204 -10.238282 -1.444260 -108.253956 -0.022523 0.454377 -0.156466 0.876672
1664949488.875183 -10.517909 -1.398400 -108.460113 -0.020740 0.483973 -0.156797 0.860671
1664949489.375175 -10.808933 -1.368337 -108.618471 -0.015196 0.536179 -0.159674 0.828725
1664949489.875175 -11.126466 -1.305213 -108.760548 0.009930 0.627424 -0.159463 0.762111
1664949490.375228 -11.459861 -1.226847 -108.831564 0.021328 0.691874 -0.155586 0.704733
1664949490.875228 -11.783034 -1.143559 -108.838510 0.026418 0.724638 -0.151617 0.671725
1664949491.375228 -12.204272 -1.029749 -108.806335 0.028613 0.739234 -0.153597 0.655074
1664949491.875228 -12.609381 -0.926712 -108.771933 0.035149 0.754799 -0.154964 0.636419
1664949492.375228 -13.055081 -0.791997 -108.693034 0.036902 0.759853 -0.159085 0.629248
1664949492.875228 -13.456138 -0.680234 -108.644528 0.036432 0.764839 -0.156379 0.623890
1664949493.375228 -13.838229 -0.564503 -108.571911 0.032210 0.769217 -0.156349 0.618727
1664949493.875228 -14.273541 -0.427666 -108.477680 0.027952 0.775272 -0.149854 0.612957
1664949494.375201 -14.804018 -0.268996 -108.391160 0.038082 0.775404 -0.159719 0.609745
1664949494.875181 -15.292533 -0.111120 -108.279168 0.032434 0.780343 -0.151707 0.605803
1664949495.375175 -15.787089 0.014921 -108.173551 0.036575 0.783011 -0.153017 0.601782
1664949495.875177 -16.321618 0.150069 -108.046246 0.035154 0.784502 -0.149807 0.600732
1664949496.375182 -16.873343 0.312680 -107.925330 0.037382 0.781043 -0.152898 0.604315
1664949496.875182 -17.436122 0.466782 -107.799779 0.036059 0.778816 -0.146381 0.608866
1664949497.375182 -17.977461 0.626154 -107.694933 0.034350 0.776013 -0.152609 0.611011
1664949497.875182 -18.582475 0.803633 -107.555241 0.027037 0.771424 -0.152992 0.617064
1664949498.375182 -19.113445 0.913966 -107.458632 0.026066 0.770302 -0.150549 0.619104
1664949498.875182 -19.653797 1.050868 -107.363517 0.021592 0.769642 -0.149194 0.620425
1664949499.375182 -20.249451 1.207573 -107.281952 0.021197 0.768561 -0.150681 0.621418
1664949499.875182 -20.767399 1.342248 -107.186907 0.019102 0.768580 -0.148980 0.621872
1664949500.375182 -21.331574 1.472584 -107.089385 0.017122 0.768370 -0.146580 0.622759
1664949500.875182 -21.868469 1.574266 -106.983091 0.015734 0.769603 -0.144738 0.621703
1664949501.375182 -22.417351 1.724265 -106.867744 0.012390 0.770716 -0.144247 0.620513
1664949501.875182 -22.998874 1.864129 -106.750865 0.010597 0.771081 -0.147102 0.619422
1664949502.375182 -23.598435 2.023442 -106.640282 0.012466 0.771028 -0.152485 0.618149
1664949502.875182 -24.185185 2.171648 -106.530022 0.013020 0.772651 -0.150086 0.616697
1664949503.375182 -24.795143 2.313071 -106.423589 0.014640 0.774746 -0.147578 0.614634
1664949503.875182 -25.394851 2.471322 -106.309727 0.011700 0.776061 -0.148410 0.612836
1664949504.375182 -25.993431 2.610511 -106.179632 0.014130 0.777585 -0.145688 0.611504
1664949504.875201 -26.573753 2.743990 -106.066834 0.013442 0.779067 -0.144391 0.609938
1664949505.375240 -27.154156 2.885949 -105.923119 0.016152 0.781754 -0.141494 0.607108
1664949505.875253 -27.737785 3.024662 -105.781425 0.018014 0.783130 -0.145338 0.604367
1664949506.375253 -28.306273 3.165009 -105.659326 0.014252 0.784836 -0.137986 0.603978
1664949506.875249 -28.908035 3.314311 -105.509521 0.013472 0.783616 -0.138495 0.605462
1664949507.375249 -29.544085 3.450878 -105.377931 0.014104 0.784858 -0.136790 0.604224
1664949507.875249 -30.156237 3.590938 -105.237952 0.013144 0.782988 -0.140630 0.605789
1664949508.375249 -30.756515 3.746257 -105.103201 0.008267 0.781971 -0.139786 0.607382
1664949508.875249 -31.269966 3.869204 -104.947691 0.003632 0.778316 -0.140551 0.611929
1664949509.375249 -31.842047 4.025734 -104.797347 0.006156 0.775327 -0.149054 0.613688
1664949509.875249 -32.379512 4.159857 -104.696154 0.009753 0.773942 -0.152235 0.614608
1664949510.375249 -32.896092 4.300235 -104.602726 0.001923 0.773724 -0.146178 0.616425
1664949510.875249 -33.408527 4.417728 -104.470194 0.001734 0.774664 -0.146146 0.615251
1664949511.375249 -33.948920 4.548584 -104.363915 0.000563 0.774934 -0.144133 0.615388
1664949511.875249 -34.506210 4.681344 -104.247334 0.001543 0.774426 -0.145876 0.615615
1664949512.375249 -35.010950 4.807352 -104.134805 -0.000756 0.774944 -0.143856 0.615440
1664949512.875249 -35.645815 4.951013 -104.038424 0.003115 0.772144 -0.146838 0.618242
1664949513.375249 -36.268212 5.099701 -103.927382 0.001588 0.773503 -0.145478 0.616868
1664949513.875249 -36.852916 5.240271 -103.826163 -0.000898 0.773614 -0.140552 0.617871
1664949514.375249 -37.530988 5.394905 -103.719868 0.002868 0.772566 -0.144400 0.618290
1664949514.875249 -38.137041 5.543646 -103.611803 0.001290 0.773374 -0.142750 0.617667
1664949515.375249 -38.772233 5.702291 -103.489705 0.001478 0.769811 -0.145338 0.621502
1664949515.875249 -39.254196 5.820559 -103.414216 -0.002843 0.744652 -0.148555 0.650705
1664949516.375305 -39.593735 5.900874 -103.361075 -0.009524 0.729811 -0.145343 0.667953
1664949516.875357 -40.150148 6.019033 -103.319416 -0.007647 0.726983 -0.148051 0.670461
1664949517.375404 -40.710416 6.144475 -103.283100 -0.008295 0.728684 -0.147633 0.668697
1664949517.875432 -41.263427 6.258379 -103.246117 -0.008081 0.732416 -0.145761 0.665023
1664949518.375437 -41.847489 6.389191 -103.191100 -0.006130 0.737198 -0.148807 0.659058
1664949518.875437 -42.350651 6.505690 -103.156332 -0.005046 0.741900 -0.147934 0.653968
1664949519.375437 -42.871899 6.614763 -103.119882 -0.005635 0.744196 -0.148478 0.651225
1664949519.875437 -43.311642 6.731292 -103.076219 -0.004483 0.747661 -0.149212 0.647084
1664949520.375364 -43.839485 6.845473 -103.013926 -0.003455 0.749872 -0.150044 0.644335
1664949520.875336 -44.347039 6.958224 -102.956126 -0.004423 0.753520 -0.148907 0.640324
1664949521.375327 -44.935497 7.096492 -102.885317 -0.003590 0.756127 -0.147344 0.637612
1664949521.875324 -45.491211 7.224956 -102.806663 -0.000728 0.757654 -0.150811 0.634992
1664949522.375324 -46.017450 7.351588 -102.740317 0.000161 0.760098 -0.150051 0.632247
1664949522.875324 -46.570321 7.492191 -102.672666 -0.000030 0.762198 -0.148227 0.630145
1664949523.375324 -47.161808 7.625083 -102.553652 0.000900 0.764467 -0.147911 0.627465
1664949523.875324 -47.682039 7.753799 -102.477786 0.003198 0.766286 -0.149082 0.624957
1664949524.375324 -48.161273 7.868334 -102.385956 0.001569 0.768223 -0.148006 0.622836
1664949524.875324 -48.674737 7.996413 -102.295891 0.001875 0.771790 -0.145833 0.618926
1664949525.375324 -49.176091 8.120998 -102.205294 0.003021 0.773351 -0.147390 0.616600
1664949525.875324 -49.694792 8.248610 -102.117647 0.000448 0.775373 -0.145335 0.614552
1664949526.375324 -50.199323 8.358364 -102.065035 0.002145 0.776073 -0.146870 0.613299
1664949526.875324 -50.748271 8.472405 -101.962827 0.000974 0.778101 -0.145211 0.611123
1664949527.375324 -51.285780 8.582218 -101.841338 0.001609 0.779970 -0.143721 0.609088
1664949527.875324 -51.723787 8.690681 -101.765253 0.003769 0.789812 -0.144529 0.596065
1664949528.375324 -52.194104 8.787998 -101.681301 0.010470 0.807264 -0.143162 0.572469
1664949528.875324 -52.646760 8.911486 -101.550104 0.012687 0.814434 -0.138189 0.563418
1664949529.375324 -53.158223 9.046811 -101.404003 0.014976 0.817986 -0.138101 0.558214
1664949529.875324 -53.702654 9.184959 -101.223730 0.014000 0.815179 -0.136610 0.562694
1664949530.375324 -54.250894 9.335576 -101.071167 0.004997 0.771417 -0.143758 0.619859
1664949530.875324 -54.687283 9.448585 -100.969730 -0.000750 0.745148 -0.140036 0.652030
1664949531.375324 -55.212066 9.574292 -100.960121 -0.004325 0.735291 -0.141990 0.662697
1664949531.875324 -55.768007 9.679925 -100.935776 -0.004751 0.730805 -0.142808 0.667464
1664949532.375324 -56.257492 9.813113 -100.870936 -0.004937 0.730295 -0.142910 0.667998
1664949532.875324 -56.810417 9.902741 -100.859999 -0.007238 0.729128 -0.140496 0.669762
1664949533.375324 -57.300841 10.021357 -100.838195 -0.004764 0.729523 -0.142144 0.669006
1664949533.875324 -57.820111 10.116648 -100.817356 -0.006584 0.730054 -0.142093 0.668421
1664949534.375324 -58.336563 10.214015 -100.791316 -0.006899 0.732089 -0.141095 0.666401
1664949534.875324 -58.896225 10.328030 -100.738415 -0.005262 0.735215 -0.140193 0.663157
1664949535.375324 -59.460605 10.423325 -100.698825 -0.005465 0.736932 -0.140465 0.661189
1664949535.875324 -60.025618 10.538735 -100.648694 -0.007922 0.740623 -0.138555 0.657432
1664949536.375324 -60.636457 10.667989 -100.619184 -0.006850 0.741414 -0.139816 0.656285
1664949536.875324 -61.216451 10.789037 -100.563669 -0.007247 0.739761 -0.140123 0.658078
1664949537.375324 -61.794010 10.920796 -100.514400 -0.009814 0.737793 -0.139190 0.660447
1664949537.875324 -62.387242 11.034448 -100.484293 -0.011235 0.735974 -0.137680 0.662767
1664949538.375324 -63.023389 11.150545 -100.439616 -0.014491 0.734595 -0.137116 0.664349
1664949538.875324 -63.612583 11.258694 -100.396900 -0.012945 0.734190 -0.141490 0.663912
1664949539.375324 -64.189541 11.357865 -100.349152 -0.015264 0.735149 -0.140121 0.663091
1664949539.875324 -64.754397 11.478452 -100.296315 -0.016112 0.736124 -0.141413 0.661713
1664949540.375324 -65.364131 11.582422 -100.240292 -0.017116 0.737344 -0.139768 0.660678
1664949540.875324 -65.980205 11.688697 -100.210629 -0.016289 0.737238 -0.140372 0.660690
1664949541.375324 -66.567021 11.797597 -100.151271 -0.016037 0.738996 -0.139002 0.659019
1664949541.875324 -67.160114 11.910004 -100.104517 -0.016704 0.738683 -0.139789 0.659187
1664949542.375324 -67.769258 11.989381 -100.098034 -0.020385 0.730411 -0.139539 0.668291
1664949542.875324 -68.431670 12.114374 -100.050652 -0.021506 0.728177 -0.139651 0.670666
1664949543.375324 -69.045135 12.212815 -100.026078 -0.023686 0.726722 -0.139313 0.672239
1664949543.875324 -69.675928 12.265311 -99.974190 -0.027522 0.728481 -0.137162 0.670630
1664949544.375324 -70.297265 12.332800 -99.927812 -0.027521 0.729253 -0.136526 0.669920
1664949544.875324 -70.904826 12.432664 -99.903916 -0.024987 0.728950 -0.137648 0.670120
1664949545.375324 -71.540211 12.525414 -99.892771 -0.027602 0.728984 -0.138219 0.669863
1664949545.875324 -72.089668 12.602941 -99.862630 -0.027395 0.731342 -0.136924 0.667563
1664949546.375324 -72.669998 12.701316 -99.831079 -0.027534 0.735177 -0.136030 0.663516
1664949546.875324 -73.273362 12.802894 -99.811232 -0.027706 0.736175 -0.138513 0.661885
1664949547.375324 -73.878935 12.882673 -99.782234 -0.030276 0.737554 -0.136827 0.660587
1664949547.875324 -74.493280 12.980718 -99.707512 -0.029415 0.739250 -0.135527 0.658996
1664949548.375324 -75.122797 13.084326 -99.676616 -0.029390 0.740118 -0.136055 0.657914
1664949548.875324 -75.694176 13.191001 -99.601939 -0.031308 0.742255 -0.134932 0.655645
1664949549.375324 -76.244195 13.293702 -99.543769 -0.029071 0.743985 -0.136169 0.653528
1664949549.875324 -76.745853 13.381192 -99.509965 -0.029515 0.745671 -0.134809 0.651866
1664949550.375324 -77.351159 13.492732 -99.439526 -0.028635 0.747983 -0.136817 0.648832
1664949550.875324 -77.938451 13.607498 -99.386836 -0.029747 0.750300 -0.135623 0.646352
1664949551.375324 -78.551508 13.706674 -99.311000 -0.030106 0.752261 -0.136350 0.643899
1664949551.875324 -79.150132 13.824103 -99.255065 -0.029727 0.753568 -0.136900 0.642270
1664949552.375324 -79.765770 13.929824 -99.193679 -0.030235 0.755564 -0.135944 0.640099
1664949552.875324 -80.376346 14.019564 -99.099297 -0.028599 0.757464 -0.136072 0.637899
1664949553.375324 -81.001676 14.114189 -99.023766 -0.029452 0.758932 -0.134394 0.636470
1664949553.875324 -81.601847 14.175845 -98.889531 -0.029583 0.762773 -0.134588 0.631813
1664949554.375324 -82.192949 14.262752 -98.774801 -0.030466 0.764951 -0.132573 0.629561
1664949554.875324 -82.810478 14.333486 -98.629639 -0.031168 0.768656 -0.130140 0.625508
1664949555.375324 -83.420345 14.412365 -98.494673 -0.031671 0.770497 -0.132926 0.622626
1664949555.875324 -84.017827 14.483148 -98.348682 -0.034518 0.774189 -0.129023 0.618702
1664949556.375324 -84.621065 14.577595 -98.220044 -0.034733 0.775790 -0.129815 0.616516
1664949556.875324 -85.188157 14.645877 -98.096509 -0.036132 0.779070 -0.128576 0.612546
1664949557.375324 -85.781259 14.728697 -97.947674 -0.036191 0.786965 -0.127605 0.602572
1664949557.875324 -86.363959 14.828062 -97.776864 -0.036757 0.793713 -0.128405 0.593449
1664949558.375324 -86.888220 14.918348 -97.626769 -0.034021 0.810244 -0.129484 0.570597
1664949558.875324 -87.456919 14.997088 -97.483031 -0.035616 0.814876 -0.130331 0.563669
1664949559.375324 -87.919323 15.071517 -97.317211 -0.035912 0.823161 -0.127184 0.552214
1664949559.875324 -88.485078 15.155979 -97.101364 -0.037112 0.835549 -0.125325 0.533642
1664949560.375324 -88.998960 15.245793 -96.929248 -0.034808 0.843126 -0.127451 0.521233
1664949560.875297 -89.453336 15.319807 -96.729447 -0.035176 0.853888 -0.121581 0.504833
1664949561.375249 -89.872395 15.393494 -96.485623 -0.035514 0.869647 -0.120111 0.477521
1664949561.875220 -90.364873 15.501406 -96.196615 -0.030574 0.877165 -0.132434 0.460551
1664949562.375216 -90.726759 15.575726 -95.948091 -0.031167 0.892534 -0.126259 0.431822
1664949562.875218 -91.105878 15.669441 -95.637411 -0.024167 0.905391 -0.131267 0.403053
1664949563.375218 -91.444600 15.764503 -95.312417 -0.017444 0.922532 -0.129230 0.363222
1664949563.875218 -91.725199 15.867045 -95.009612 -0.017569 0.933538 -0.127105 0.334728
1664949564.375249 -92.034756 15.953108 -94.668169 -0.014928 0.944960 -0.126958 0.301180
1664949564.875309 -92.265344 16.030818 -94.309981 -0.009699 0.956631 -0.129193 0.260906
1664949565.376551 -92.511343 16.142225 -93.897369 -0.006339 0.967397 -0.127500 0.218740
1664949565.876551 -92.649532 16.227074 -93.544987 -0.002054 0.975467 -0.130077 0.177594
1664949566.376551 -92.774206 16.326531 -93.140343 0.000169 0.982652 -0.128339 0.133881
1664949566.876551 -92.858902 16.441686 -92.727895 0.005800 0.988034 -0.126612 0.087887
1664949567.376551 -92.914520 16.539246 -92.337791 0.010248 0.991026 -0.123558 0.049958
1664949567.876551 -92.929917 16.648547 -91.855645 0.013525 0.992089 -0.123820 0.015689
1664949568.376551 -92.921192 16.763479 -91.392696 0.016089 0.991971 -0.123920 -0.019468
1664949568.876551 -92.880936 16.898409 -90.866117 0.018020 0.991142 -0.122381 -0.048336
1664949569.376551 -92.825363 17.043553 -90.257577 0.019503 0.990526 -0.120333 -0.063229
1664949569.876551 -92.737219 17.185250 -89.675867 0.025183 0.989159 -0.123931 -0.074641
1664949570.376551 -92.653913 17.323120 -89.093240 0.030274 0.988193 -0.124948 -0.083341
1664949570.876899 -92.577275 17.434062 -88.618678 0.027688 0.990428 -0.123427 -0.055239
1664949571.377160 -92.506074 17.561718 -88.083389 0.023126 0.991861 -0.119175 -0.038407
1664949571.877041 -92.465118 17.677565 -87.543652 0.019838 0.992530 -0.117735 -0.025074
1664949572.376975 -92.460447 17.781850 -86.916661 0.016019 0.992406 -0.120278 -0.020181
1664949572.876997 -92.439295 17.906996 -86.356931 0.010915 0.992588 -0.119382 -0.019955
1664949573.376997 -92.395086 18.039925 -85.791403 0.011048 0.992897 -0.116531 -0.021301
1664949573.876997 -92.367100 18.161625 -85.231660 0.010829 0.992800 -0.116990 -0.023340
1664949574.376997 -92.362621 18.267268 -84.663383 0.011586 0.992610 -0.118341 -0.024226
1664949574.876997 -92.353982 18.390415 -84.087465 0.012553 0.992939 -0.115164 -0.025518
1664949575.376997 -92.353348 18.524191 -83.524433 0.014450 0.992784 -0.116066 -0.026459
1664949575.876892 -92.342728 18.632474 -82.975779 0.017262 0.992559 -0.114358 -0.038083
1664949576.376534 -92.304105 18.753493 -82.419146 0.020176 0.992187 -0.112232 -0.050624
1664949576.876443 -92.253745 18.853465 -81.920499 0.024416 0.989653 -0.112325 -0.085866
1664949577.376395 -92.159672 18.947821 -81.431804 0.027218 0.986732 -0.108751 -0.117438
1664949577.876257 -92.055060 19.060261 -80.977613 0.030768 0.982702 -0.108826 -0.146650
1664949578.376257 -91.912255 19.145324 -80.522291 0.034199 0.978331 -0.108806 -0.172801
1664949578.876257 -91.715012 19.243623 -80.059978 0.036155 0.974543 -0.107820 -0.193219
1664949579.376257 -91.519608 19.348228 -79.628430 0.040132 0.968521 -0.108019 -0.220656
1664949579.876257 -91.268842 19.434725 -79.218714 0.043913 0.960782 -0.101642 -0.254240
1664949580.376257 -91.000897 19.501907 -78.833616 0.048045 0.949940 -0.100193 -0.292005
1664949580.876257 -90.689701 19.572899 -78.434757 0.050922 0.937970 -0.099933 -0.328073
1664949581.376257 -90.346556 19.646292 -78.030445 0.054936 0.925990 -0.097243 -0.360649
1664949581.876257 -89.984211 19.721742 -77.663352 0.060933 0.916956 -0.092862 -0.383218
1664949582.376257 -89.520736 19.800430 -77.238734 0.059012 0.912428 -0.094886 -0.393686
1664949582.876257 -89.042507 19.873351 -76.761761 0.060658 0.914005 -0.091608 -0.390543
1664949583.376168 -88.579889 19.928105 -76.316726 0.062248 0.913665 -0.091522 -0.391109
1664949583.875976 -88.116243 19.960502 -75.930515 0.064752 0.912876 -0.087560 -0.393445
1664949584.375876 -87.672175 20.020923 -75.551415 0.064905 0.912162 -0.084795 -0.395673
1664949584.875783 -87.206824 20.046455 -75.166392 0.065894 0.910527 -0.086736 -0.398842
1664949585.375725 -86.727469 20.096511 -74.794819 0.066530 0.909268 -0.084114 -0.402156
1664949585.875725 -86.273019 20.144518 -74.436256 0.063093 0.907914 -0.081935 -0.406199
1664949586.375725 -85.777306 20.156267 -74.079591 0.065064 0.904339 -0.083834 -0.413412
1664949586.875725 -85.302881 20.174447 -73.715996 0.069811 0.895867 -0.075187 -0.432314
1664949587.375638 -84.810369 20.206660 -73.342289 0.070772 0.887192 -0.075946 -0.449570
1664949587.875566 -84.353100 20.222955 -73.042163 0.072647 0.876668 -0.073106 -0.469927
1664949588.375561 -83.823334 20.230732 -72.715542 0.075947 0.867517 -0.072235 -0.486238
1664949588.875579 -83.292236 20.215586 -72.414037 0.081018 0.860914 -0.064231 -0.498134
1664949589.375587 -82.725597 20.215533 -72.091974 -0.079245 -0.856724 0.063354 0.505697
1664949589.875587 -82.137118 20.228289 -71.758890 -0.079519 -0.854019 0.060347 0.510575
1664949590.375587 -81.559597 20.226996 -71.451628 -0.080526 -0.850669 0.059424 0.516088
1664949590.875587 -80.982233 20.234476 -71.160521 -0.082366 -0.848011 0.055024 0.520640
1664949591.375587 -80.344575 20.254315 -70.830159 -0.077768 -0.847639 0.059447 0.521465
1664949591.875587 -79.732508 20.271700 -70.529754 -0.078820 -0.849208 0.059682 0.518720
1664949592.375587 -79.112581 20.271913 -70.212945 -0.077753 -0.849829 0.058733 0.517972
1664949592.875587 -78.486192 20.282867 -69.898619 -0.076938 -0.852649 0.058188 0.513502
1664949593.375488 -77.877963 20.287605 -69.590527 -0.076270 -0.853306 0.056385 0.512710
1664949593.875462 -77.268032 20.299663 -69.277213 -0.076608 -0.852314 0.056885 0.514252
1664949594.375434 -76.709149 20.291961 -68.950787 -0.078349 -0.851320 0.057157 0.515605
1664949594.875406 -76.091998 20.303858 -68.647991 -0.078339 -0.849493 0.055873 0.518751
1664949595.375407 -75.495847 20.302082 -68.301898 -0.078953 -0.848823 0.054819 0.519866
1664949595.875407 -74.895914 20.302488 -67.985117 -0.081558 -0.846776 0.054590 0.522818
1664949596.375407 -74.292010 20.298022 -67.686079 -0.083153 -0.845271 0.051475 0.525312
1664949596.875407 -73.674431 20.302606 -67.390358 -0.081940 -0.843655 0.050226 0.528213
1664949597.375407 -73.095779 20.302983 -67.112833 -0.081884 -0.842068 0.049024 0.530861
1664949597.875447 -72.469494 20.295316 -66.796963 -0.081854 -0.842201 0.046765 0.530858
1664949598.375536 -71.934601 20.293064 -66.527964 -0.082331 -0.842134 0.045622 0.530990
1664949598.875583 -71.331786 20.291112 -66.240888 -0.080496 -0.841556 0.043456 0.532368
1664949599.375697 -70.728203 20.275186 -65.956045 -0.079931 -0.840972 0.042910 0.533419
1664949599.875781 -70.196279 20.272037 -65.748107 -0.081287 -0.839281 0.042218 0.535927
1664949600.375781 -69.649976 20.278554 -65.479720 -0.077947 -0.838197 0.043763 0.537991
1664949600.875781 -69.027906 20.262104 -65.183041 -0.078664 -0.836900 0.042764 0.539984
1664949601.375781 -68.423980 20.264906 -64.903070 -0.080252 -0.835425 0.037882 0.542393
1664949601.875835 -67.846280 20.250463 -64.682816 -0.079027 -0.832680 0.039827 0.546638
1664949602.376039 -67.277953 20.242851 -64.437908 -0.081380 -0.831311 0.035927 0.548642
1664949602.876148 -66.692189 20.207399 -64.207486 -0.081294 -0.829171 0.036771 0.551828
1664949603.376208 -66.112304 20.189741 -63.980598 -0.082210 -0.827110 0.036835 0.554774
1664949603.876260 -65.541904 20.181477 -63.746828 -0.081202 -0.825302 0.037113 0.557588
1664949604.376260 -64.974661 20.153085 -63.525776 -0.082726 -0.824237 0.035505 0.559044
1664949604.876260 -64.427022 20.130667 -63.273087 -0.083827 -0.824168 0.032157 0.559184
1664949605.376260 -63.799176 20.103517 -63.028491 -0.080206 -0.824604 0.033883 0.558969
1664949605.876374 -63.233405 20.063206 -62.773196 -0.082007 -0.825206 0.031095 0.557981
1664949606.376597 -62.632430 20.048240 -62.522571 -0.082183 -0.825360 0.031902 0.557682
1664949606.876664 -62.037200 20.009302 -62.293404 -0.083103 -0.824024 0.033488 0.559425
1664949607.376652 -61.450352 19.982116 -62.048640 -0.083066 -0.823422 0.030795 0.560471
1664949607.876605 -60.836566 19.941314 -61.793306 -0.083426 -0.823181 0.029527 0.560840
1664949608.376605 -60.253252 19.907054 -61.559544 -0.085146 -0.822433 0.028290 0.561742
1664949608.876456 -59.652379 19.847352 -61.295066 -0.087433 -0.822043 0.029897 0.561878
1664949609.376277 -59.037370 19.824785 -61.055762 -0.085945 -0.821354 0.028726 0.563175
1664949609.876143 -58.426785 19.795880 -60.819513 -0.086130 -0.819711 0.028783 0.565533
1664949610.376062 -57.778167 19.762233 -60.561818 -0.088627 -0.818595 0.025300 0.566927
1664949610.876044 -57.194252 19.715324 -60.356872 -0.088992 -0.817963 0.023536 0.567859
1664949611.376044 -56.578949 19.663718 -60.126907 -0.088117 -0.818539 0.024637 0.567117
1664949611.876044 -55.957469 19.618071 -59.869191 -0.090113 -0.819746 0.022603 0.565141
1664949612.376044 -55.356177 19.567808 -59.620550 -0.090257 -0.820074 0.022359 0.564652
1664949612.876044 -54.770806 19.499768 -59.398315 -0.091689 -0.819516 0.020593 0.565298
1664949613.376044 -54.188789 19.423293 -59.175640 -0.094041 -0.818320 0.021784 0.566598
1664949613.876044 -53.537759 19.364607 -58.919819 -0.094637 -0.818260 0.020815 0.566622
1664949614.376044 -53.074012 19.307990 -58.733236 -0.094266 -0.819541 0.020934 0.564825
1664949614.876044 -52.463761 19.255926 -58.505852 -0.093635 -0.819796 0.017870 0.564667
1664949615.375936 -51.905297 19.192588 -58.273386 -0.094663 -0.819022 0.016469 0.565659
1664949615.875829 -51.429270 19.138470 -58.136598 -0.093922 -0.817873 0.014677 0.567492
1664949616.375791 -50.895718 19.097119 -57.949116 -0.091934 -0.816866 0.014428 0.569272
1664949616.875757 -50.385111 19.061459 -57.749099 -0.092377 -0.816041 0.012101 0.570436
1664949617.375740 -49.824261 18.983835 -57.557380 -0.093059 -0.814349 0.010490 0.572770
1664949617.875740 -49.310697 18.912182 -57.373752 -0.093586 -0.812468 0.009708 0.575363
1664949618.375740 -48.695396 18.842847 -57.134538 -0.092728 -0.811816 0.007381 0.576456
1664949618.875721 -48.145149 18.761596 -56.939338 -0.097772 -0.810214 0.004118 0.577907
1664949619.375633 -47.489283 18.681812 -56.734392 -0.096039 -0.807471 0.005954 0.582006
1664949619.875640 -46.955046 18.605974 -56.556217 -0.095899 -0.801344 0.000113 0.590467
1664949620.375658 -46.397644 18.540281 -56.379045 -0.094044 -0.787023 0.001495 0.609712
1664949620.875644 -45.945016 18.478096 -56.249538 -0.100038 -0.770273 -0.006959 0.629780
1664949621.375644 -45.414061 18.375693 -56.156596 -0.098999 -0.761553 -0.002890 0.640491
1664949621.875644 -44.829467 18.278462 -56.017227 -0.094717 -0.771528 0.001789 0.629102
1664949622.375644 -44.315809 18.204896 -55.943175 -0.095399 -0.781980 0.000128 0.615959
1664949622.875644 -43.750512 18.122484 -55.772787 -0.100496 -0.785102 -0.005446 0.611135
1664949623.375644 -43.099503 18.048102 -55.586483 -0.097721 -0.784801 -0.003970 0.611982
1664949623.875644 -42.608168 17.973317 -55.441225 -0.100481 -0.782302 -0.007989 0.614690
1664949624.375644 -42.033878 17.870582 -55.312055 -0.102072 -0.775518 -0.009152 0.622952
1664949624.875644 -41.469416 17.778537 -55.185203 -0.101610 -0.770143 -0.009295 0.629658
1664949625.375644 -40.851260 17.647308 -55.068752 -0.102132 -0.766004 -0.010010 0.634592
1664949625.875644 -40.228182 17.557935 -54.951796 -0.105485 -0.761687 -0.012423 0.639180
1664949626.375644 -39.582698 17.459840 -54.824702 -0.105044 -0.758504 -0.013168 0.643012
1664949626.875627 -38.979807 17.348419 -54.730544 -0.105277 -0.754170 -0.012973 0.648056
1664949627.375555 -38.312060 17.243103 -54.616500 -0.104476 -0.756303 -0.012057 0.645713
1664949627.875561 -37.687084 17.126234 -54.490909 -0.107432 -0.759144 -0.013758 0.641849
1664949628.375567 -37.043227 17.018339 -54.392916 -0.107164 -0.763773 -0.013511 0.636383
1664949628.875564 -36.362719 16.914843 -54.254955 -0.105753 -0.766297 -0.012827 0.633593
1664949629.375564 -35.681555 16.776898 -54.140669 -0.106894 -0.765984 -0.013747 0.633761
1664949629.875564 -34.990574 16.654846 -54.016389 -0.107642 -0.763687 -0.014334 0.636388
1664949630.375564 -34.347930 16.541056 -53.903084 -0.105676 -0.756995 -0.016585 0.644605
1664949630.875564 -33.692098 16.423752 -53.790222 -0.105924 -0.747768 -0.017996 0.655209
1664949631.375564 -33.003738 16.300343 -53.697196 -0.106853 -0.741651 -0.016740 0.662009
1664949631.875564 -32.377919 16.191672 -53.617517 -0.112565 -0.737683 -0.022298 0.665324
1664949632.375564 -31.801548 16.076823 -53.568572 -0.116443 -0.731967 -0.029402 0.670672
1664949632.875564 -31.176144 15.941602 -53.509027 -0.118744 -0.726635 -0.034345 0.675812
1664949633.375536 -30.558076 15.802026 -53.469668 -0.110411 -0.720366 -0.019267 0.684479
1664949633.875455 -29.916889 15.671485 -53.430379 -0.132894 -0.721700 -0.047943 0.677636
1664949634.375417 -29.394043 15.537960 -53.392500 -0.140739 -0.728557 -0.060417 0.667643
1664949634.875399 -28.857877 15.380906 -53.336804 -0.151764 -0.738902 -0.068670 0.652899
1664949635.375404 -28.297191 15.215732 -53.295138 -0.154899 -0.739418 -0.071884 0.651230
1664949635.875404 -27.869561 15.079538 -53.238455 -0.161231 -0.731013 -0.076639 0.658598
1664949636.375404 -27.365615 14.906143 -53.187079 -0.162403 -0.725600 -0.078189 0.664090
1664949636.875404 -26.759454 14.692002 -53.120977 -0.159649 -0.722653 -0.080256 0.667715
1664949637.375430 -26.160710 14.499759 -53.034740 -0.151846 -0.721317 -0.078895 0.671133
1664949637.875502 -25.596312 14.348251 -52.966037 -0.146787 -0.723377 -0.075937 0.670382
1664949638.375520 -25.032301 14.199220 -52.876766 -0.143053 -0.726197 -0.072504 0.668519
1664949638.875525 -24.501920 14.019953 -52.809615 -0.141198 -0.726947 -0.070006 0.668363
1664949639.375519 -23.942859 13.836181 -52.744485 -0.129625 -0.728882 -0.060471 0.669531
1664949639.875519 -23.419415 13.704907 -52.680436 -0.123592 -0.729083 -0.054038 0.671002
1664949640.375348 -22.834099 13.566883 -52.616383 -0.112940 -0.728032 -0.038278 0.675092
1664949640.875376 -22.356367 13.465073 -52.569051 -0.107807 -0.727198 -0.029958 0.677247
1664949641.375393 -21.816016 13.364704 -52.511138 -0.097391 -0.726043 -0.018172 0.680475
1664949641.875393 -21.305010 13.290665 -52.458298 -0.089389 -0.723759 -0.008259 0.684189
1664949642.375393 -20.836401 13.229667 -52.420322 -0.082851 -0.722131 -0.000303 0.686777
1664949642.875393 -20.389825 13.180258 -52.383517 -0.078764 -0.720988 0.005294 0.688436
1664949643.375441 -19.831940 13.127938 -52.333995 -0.072081 -0.718299 0.015549 0.691815
1664949643.875494 -19.442321 13.101575 -52.304559 -0.072427 -0.715600 0.015348 0.694575
1664949644.375528 -19.213708 13.085537 -52.278132 -0.073804 -0.748682 0.019849 0.658509
1664949644.875554 -18.971117 13.070167 -52.252134 -0.071950 -0.770849 0.021821 0.632566
1664949645.375566 -18.614107 13.047289 -52.176188 -0.070227 -0.773040 0.025839 0.629928
1664949645.875566 -18.158617 13.018888 -52.086427 -0.068231 -0.772827 0.027361 0.630345
1664949646.375566 -17.740616 12.997571 -51.994584 -0.069878 -0.775008 0.027266 0.627484
1664949646.875566 -17.244354 12.972840 -51.883300 -0.063404 -0.775131 0.040813 0.627284
1664949647.375566 -16.790347 12.962868 -51.793624 -0.062747 -0.776416 0.043751 0.625562
1664949647.875566 -16.376760 12.958134 -51.687112 -0.069793 -0.777220 0.038847 0.624139
1664949648.375566 -15.963852 12.947077 -51.592204 -0.073076 -0.777206 0.031483 0.624196
1664949648.875566 -15.579359 12.918988 -51.497441 -0.087927 -0.776786 0.016378 0.623381
1664949649.375566 -15.116661 12.883767 -51.398493 -0.082790 -0.774966 0.019085 0.626266
1664949649.875633 -14.711511 12.866086 -51.275792 -0.080649 -0.775381 0.014663 0.626151
1664949650.375689 -14.256167 12.835535 -51.165810 -0.080042 -0.774328 0.011838 0.627590
1664949650.875683 -13.763444 12.815657 -51.024176 -0.081662 -0.773735 -0.000011 0.628224
1664949651.375671 -13.352309 12.781450 -50.950749 -0.098979 -0.773334 -0.034248 0.625287
1664949651.875666 -12.859923 12.721000 -50.828455 -0.082624 -0.773726 -0.021783 0.627731
1664949652.375666 -12.379993 12.685808 -50.705443 -0.092123 -0.771384 -0.025428 0.629153
1664949652.875666 -11.852237 12.581086 -50.573001 -0.089158 -0.770619 -0.024621 0.630548
1664949653.375666 -11.357426 12.511913 -50.446130 -0.088270 -0.769319 -0.021812 0.632362
1664949653.875666 -10.983289 12.468814 -50.390376 -0.093733 -0.768123 -0.028561 0.632760
1664949654.375666 -10.468050 12.387170 -50.259279 -0.092713 -0.766686 -0.024729 0.634811
1664949654.875666 -10.071130 12.326834 -50.187537 -0.094624 -0.766059 -0.027633 0.635167
1664949655.375666 -9.572782 12.263230 -50.089685 -0.093006 -0.764997 -0.025292 0.636781
1664949655.875666 -9.141193 12.190283 -50.008993 -0.095124 -0.762590 -0.028086 0.639233
1664949656.375666 -8.690700 12.132034 -49.919153 -0.094288 -0.761992 -0.029199 0.640020
1664949656.875666 -8.243927 12.057308 -49.848426 -0.094008 -0.759704 -0.029360 0.642768
1664949657.375666 -7.856735 11.991713 -49.789899 -0.095021 -0.777143 -0.030340 0.621368
1664949657.875666 -7.422991 11.924115 -49.668507 -0.098993 -0.802448 -0.023630 0.587979
1664949658.375666 -6.984891 11.864059 -49.535877 -0.101735 -0.807032 -0.023253 0.581213
1664949658.875666 -6.583574 11.774636 -49.392061 -0.101917 -0.809270 -0.023379 0.578056
1664949659.375666 -6.151956 11.686238 -49.227042 -0.100384 -0.811361 -0.021624 0.575455
1664949659.875666 -5.741782 11.611764 -49.077162 -0.101187 -0.816518 -0.022194 0.567950
1664949660.375666 -5.306956 11.512535 -48.913514 -0.102069 -0.826615 -0.022165 0.552991
1664949660.875666 -4.894110 11.448133 -48.735576 -0.102527 -0.829590 -0.022470 0.548420
1664949661.375666 -4.513943 11.382546 -48.552243 -0.102901 -0.839122 -0.020079 0.533743
1664949661.875666 -4.108094 11.325285 -48.366789 -0.104334 -0.848118 -0.020562 0.519025
1664949662.375666 -3.788468 11.257745 -48.220175 -0.107644 -0.851217 -0.024845 0.513054
1664949662.875666 -3.380882 11.183977 -47.974695 0.107622 0.866753 0.017749 -0.486663
1664949663.375612 -2.992272 11.131114 -47.730553 0.106078 0.891928 0.011096 -0.439418
1664949663.875525 -2.636007 11.088664 -47.483393 0.105960 0.912244 0.005834 -0.395662
1664949664.375513 -2.288742 11.064493 -47.176527 0.103680 0.926368 -0.001372 -0.362066
1664949664.875534 -1.983673 11.028681 -46.805152 0.103421 0.944611 -0.007776 -0.311375
1664949665.375566 -1.710565 11.010013 -46.421196 0.101393 0.955025 -0.010932 -0.278437
1664949665.875566 -1.480960 10.993027 -46.039495 0.101757 0.958982 -0.011888 -0.264307
1664949666.375566 -1.234488 10.991131 -45.567881 0.101260 0.960659 -0.013409 -0.258263
1664949666.875566 -1.022861 10.975812 -45.154048 0.100385 0.964340 -0.013264 -0.244529
1664949667.375566 -0.824603 10.981865 -44.728223 0.099263 0.967517 -0.014712 -0.232036
1664949667.875566 -0.603756 10.991771 -44.254588 0.098308 0.970673 -0.015895 -0.218807
1664949668.375566 -0.430636 10.990168 -43.818376 0.097174 0.974935 -0.017638 -0.199371
1664949668.875566 -0.239648 10.975358 -43.300036 0.096352 0.976598 -0.017597 -0.191478
1664949669.375566 -0.075531 10.967261 -42.789891 0.096053 0.981116 -0.017307 -0.166991
1664949669.875566 0.100824 10.961320 -42.295827 0.093280 0.982459 -0.020393 -0.160181
1664949670.375566 0.256690 10.967227 -41.796303 0.093756 0.982885 -0.018074 -0.157543
1664949670.875566 0.384762 10.975709 -41.268644 0.092653 0.983850 -0.020462 -0.151774
1664949671.375566 0.507679 10.987940 -40.760360 0.092540 0.985119 -0.021517 -0.143224
1664949671.875566 0.657719 10.955284 -40.234632 0.093304 0.986992 -0.021264 -0.129190
1664949672.375566 0.800963 10.979184 -39.735154 0.093897 0.988553 -0.021360 -0.116143
1664949672.875566 0.906858 10.963051 -39.266329 0.093273 0.988978 -0.020700 -0.113113
1664949673.375566 1.033522 10.977143 -38.714617 0.093864 0.989120 -0.021957 -0.111129
1664949673.875566 1.144055 11.009621 -38.153033 0.093081 0.989146 -0.022643 -0.111412
1664949674.375566 1.254156 10.990032 -37.641824 0.093883 0.989015 -0.020453 -0.112328
1664949674.875566 1.374048 11.019477 -37.101734 0.091969 0.990184 -0.024758 -0.102296
1664949675.375566 1.506479 11.045873 -36.567229 0.091943 0.991268 -0.019488 -0.092486
1664949675.875566 1.610911 11.047195 -36.024590 0.091009 0.990589 -0.024004 -0.099374
1664949676.375566 1.726883 11.066712 -35.512967 0.092218 0.989773 -0.018743 -0.107205
1664949676.875566 1.845347 11.050241 -34.933001 0.092341 0.989350 -0.017155 -0.111200
1664949677.375566 1.939960 11.045156 -34.393613 0.093902 0.989336 -0.014387 -0.110404
1664949677.875566 2.084330 11.044772 -33.736269 0.093047 0.989511 -0.012977 -0.109739
1664949678.375566 2.187909 11.015057 -33.196090 0.091481 0.989643 -0.013021 -0.109860
1664949678.875566 2.307261 11.011476 -32.589559 0.093341 0.989444 -0.011579 -0.110244
1664949679.375566 2.395826 10.975721 -32.013478 0.094656 0.990338 -0.012298 -0.100597
1664949679.875566 2.495769 10.985088 -31.459360 0.094361 0.991475 -0.012914 -0.088917
1664949680.375566 2.585288 10.993950 -31.038840 0.094957 0.991844 -0.011690 -0.084216
1664949680.875566 2.651135 10.981682 -30.544202 0.093946 0.992134 -0.015614 -0.081247
1664949681.375566 2.708853 10.974180 -30.142792 0.093664 0.992397 -0.010249 -0.079185
1664949681.875566 2.778681 10.980514 -29.665152 0.093664 0.992330 -0.007924 -0.080289
1664949682.375566 2.865474 10.967574 -29.122057 0.093758 0.992364 -0.008370 -0.079700
1664949682.875566 2.947119 10.949584 -28.605531 0.095791 0.992099 -0.006767 -0.080731
1664949683.375566 3.029780 10.933848 -28.067233 0.095418 0.991296 -0.005241 -0.090556
1664949683.875566 3.109579 10.895309 -27.560274 0.096867 0.989421 -0.001006 -0.107991
1664949684.375566 3.189484 10.862753 -26.995469 0.097095 0.988515 0.000267 -0.115808
1664949684.875566 3.316625 10.803124 -26.361155 0.097309 0.987672 0.001311 -0.122608
1664949685.375566 3.428876 10.751632 -25.758434 0.097814 0.986975 0.005208 -0.127619
1664949685.875566 3.537517 10.706459 -25.141215 0.099362 0.986347 0.005935 -0.131190
1664949686.375551 3.661822 10.659593 -24.533777 0.099721 0.985732 0.008357 -0.135347
1664949686.875473 3.796002 10.617427 -23.933256 0.099583 0.985181 0.009431 -0.139329
1664949687.375438 3.935899 10.574375 -23.310061 0.101010 0.984773 0.010337 -0.141110
1664949687.875417 4.063913 10.528596 -22.675508 0.100403 0.987506 0.007176 -0.121239
1664949688.375398 4.211833 10.517917 -22.076509 0.099630 0.989380 0.007381 -0.105580
1664949688.875398 4.319026 10.488730 -21.500952 0.100553 0.992491 0.006529 -0.069343
1664949689.375398 4.399242 10.463544 -20.848165 0.099238 0.992708 0.004677 -0.068269
1664949689.875352 4.476511 10.445559 -20.237964 0.098168 0.992869 0.006317 -0.067333
1664949690.375310 4.543034 10.426409 -19.667346 0.098546 0.992754 0.008297 -0.068265
1664949690.875290 4.607619 10.412530 -19.031036 0.098296 0.992764 0.007822 -0.068535
1664949691.375278 4.663064 10.347856 -18.520730 0.096759 0.992719 0.009344 -0.071133
1664949691.875274 4.724438 10.323789 -18.015447 0.097036 0.992555 0.012917 -0.072473
1664949692.375274 4.780968 10.308628 -17.535824 0.096351 0.992582 0.013783 -0.072849
1664949692.875274 4.839340 10.281420 -17.046458 0.097065 0.992327 0.013916 -0.075306
1664949693.375274 4.894032 10.264741 -16.640135 0.095931 0.992260 0.013067 -0.077754
1664949693.875274 4.913066 10.260526 -16.518370 0.096924 0.992046 0.013292 -0.079212
1664949694.375274 4.919462 10.258021 -16.477219 0.097134 0.992031 0.013265 -0.079141
1664949694.875274 4.925293 10.256013 -16.437385 0.097176 0.992046 0.013190 -0.078913
1664949695.375274 4.933364 10.253429 -16.402695 0.097237 0.992032 0.013147 -0.079021
1664949695.875274 4.943945 10.252793 -16.367083 0.097235 0.992015 0.012971 -0.079267
1664949696.375274 4.950506 10.250436 -16.331711 0.097304 0.992008 0.012952 -0.079275
1664949696.875274 4.956636 10.248098 -16.297793 0.097282 0.992012 0.012924 -0.079259
1664949697.375274 4.964976 10.245752 -16.258588 0.097291 0.992011 0.012871 -0.079270
