1664948336.526796 -0.000000 -1.000000 -0.000000 0.000000 1.000000 0.000000 -0.000000
1664948338.026796 -0.998930 -0.993547 0.045799 0.000000 1.000000 0.000000 -0.000000
1664948339.526592 -0.448222 -0.820334 0.862327 0.000000 1.000000 0.000000 -0.000000
1664948341.026352 0.026505 -0.454914 0.061638 0.000000 1.000000 0.000000 0.000000
1664948342.526019 -0.056908 -0.449620 -0.934863 0.000000 1.000000 0.000000 0.000000
1664948344.026044 0.313948 -1.062733 -0.237326 0.000000 1.000000 0.000000 0.000000
1664948345.525864 0.205687 -0.700465 0.688440 0.000000 1.000000 0.000000 -0.000000
1664948347.025710 -0.388309 -0.418694 -0.065068 0.000000 1.000000 0.000000 -0.000000
1664948348.525712 -0.673015 -0.370152 0.892317 0.000000 1.000000 -0.000000 0.000000
1664948350.025959 -0.095665 0.207198 1.469667 0.000000 1.000000 -0.000000 0.000000
1664948351.525970 -1.078999 0.198141 1.651247 0.000003 1.000000 -0.000013 -0.000020
1664948353.025748 -1.467797 -0.014632 0.754830 0.000003 1.000000 -0.000013 -0.000020
1664948354.525781 -1.962171 -0.281120 1.582222 0.000003 1.000000 -0.000013 -0.000020
1664948356.025781 -1.422442 -0.971248 2.064318 0.000003 1.000000 -0.000013 -0.000020
1664948357.525781 -1.422468 -1.971248 2.064300 0.000031 0.000020 -0.000022 1.000000
1664948359.025781 -0.900196 -2.177980 2.891642 0.000031 0.000020 -0.000022 1.000000
1664948360.525781 0.099804 -2.178025 2.891603 0.000031 0.000020 -0.000022 1.000000
1664948362.025781 0.230509 -2.274846 1.904921 -0.003648 -0.000018 -0.000611 0.999993
1664948363.525781 0.279972 -2.278933 0.906153 -0.001221 0.007278 -0.000889 0.999972
1664948365.025781 0.250405 -2.281253 -0.093407 -0.001777 0.018185 -0.003580 0.999827
1664948366.525781 0.178132 -2.264852 -1.090657 -0.002813 0.022614 -0.003065 0.999736
1664948368.025781 0.141578 -2.268238 -2.089983 -0.003748 0.018311 -0.001347 0.999824
1664948369.525781 0.079886 -2.255786 -3.088000 -0.002852 0.020412 -0.002341 0.999785
1664948371.025781 0.050737 -2.249800 -4.087558 -0.001656 0.023327 -0.001004 0.999726
1664948372.525781 -0.023116 -2.247604 -5.084824 -0.004030 0.029860 -0.002192 0.999544
1664948374.025781 -0.078815 -2.236407 -6.083209 0.001163 0.036962 -0.001291 0.999315
1664948375.525512 -0.169134 -2.243652 -7.079096 -0.000854 0.045712 -0.002532 0.998951
1664948377.025492 -0.251682 -2.229769 -8.075586 0.000148 0.053562 -0.001593 0.998563
1664948378.525492 -0.346132 -2.215674 -9.071016 -0.001418 0.059890 -0.001506 0.998203
1664948380.025492 -0.471968 -2.209781 -10.063049 -0.004011 0.055077 -0.000220 0.998474
1664948381.525492 -0.598629 -2.186533 -11.054723 -0.001936 0.055077 -0.001432 0.998479
1664948383.025658 -0.671127 -2.193422 -12.052068 -0.002855 0.049946 0.000510 0.998748
1664948384.525849 -0.782609 -2.189957 -13.045828 -0.003383 0.052586 0.002019 0.998609
1664948386.026206 -0.889028 -2.173268 -14.040009 -0.002743 0.058727 0.000516 0.998270
1664948387.526471 -1.019876 -2.168801 -15.031402 -0.002447 0.066711 -0.001323 0.997768
1664948389.026471 -1.163864 -2.165425 -16.020976 -0.004283 0.075848 -0.001378 0.997109
1664948390.526471 -1.319189 -2.161189 -17.008830 -0.002841 0.086294 -0.002657 0.996262
1664948392.026471 -1.516641 -2.168910 -17.989112 -0.003271 0.147869 -0.001902 0.989000
1664948393.526471 -1.825164 -2.168264 -18.940329 -0.002237 0.172049 -0.002004 0.985084
1664948395.026434 -2.214454 -2.183983 -19.861310 -0.007896 0.256531 -0.000457 0.966504
1664948396.526049 -2.736891 -2.204183 -20.713748 -0.008379 0.279484 -0.001800 0.960112
1664948398.026008 -3.363006 -2.220988 -21.493298 -0.005783 0.389300 -0.001385 0.921092
1664948399.526008 -4.170207 -2.242781 -22.083172 -0.008053 0.521790 -0.001659 0.853035
1664948401.026008 -5.071328 -2.231380 -22.516589 -0.010621 0.545156 -0.000987 0.838267
1664948402.525803 -5.991915 -2.240615 -22.907018 -0.008522 0.559899 0.002101 0.828514
1664948404.025730 -6.924291 -2.252115 -23.268324 -0.011118 0.570832 0.004660 0.820979
1664948405.525730 -7.895781 -2.255806 -23.505376 -0.011662 0.628165 0.005343 0.777975
1664948407.025730 -8.860879 -2.305434 -23.762520 -0.014409 0.735832 0.006634 0.676978
1664948408.525730 -9.859847 -2.277288 -23.726874 -0.017241 0.826941 0.006641 0.561985
1664948410.025496 -10.856631 -2.357187 -23.720632 -0.010725 0.900608 0.004139 0.434481
1664948411.525496 -11.843883 -2.357928 -23.561472 -0.009577 0.954363 0.005068 0.298453
1664948413.025496 -12.415103 -2.386618 -22.741177 -0.010945 0.981810 -0.005505 0.189470
1664948414.525496 -12.743265 -2.374545 -21.796632 -0.003218 0.992910 -0.024951 0.116177
1664948416.025496 -12.910033 -2.366103 -20.810672 -0.002010 0.999885 0.015006 -0.000976
1664948417.525704 -12.898140 -2.386134 -19.810944 -0.004414 0.999132 0.015007 -0.038598
1664948419.025753 -12.833008 -2.365417 -18.813282 -0.007394 0.999307 -0.000013 -0.036467
1664948420.525753 -12.773234 -2.345163 -17.815276 -0.004935 0.999666 0.002440 -0.025241
1664948422.026082 -12.769062 -2.352655 -16.815313 -0.015981 0.999237 0.005202 0.035245
1664948423.526138 -12.836874 -2.346537 -15.817633 -0.025510 0.997606 0.010694 0.063378
1664948425.025869 -12.975309 -2.385388 -14.828024 -0.025539 0.996200 0.017246 0.081458
1664948426.525735 -13.122328 -2.428993 -13.839852 -0.027423 0.996978 0.022231 0.069199
1664948428.025895 -13.387042 -2.730754 -12.923955 -0.017156 0.995787 0.070838 0.055648
1664948429.526185 -13.487851 -2.889746 -11.941836 -0.017166 0.996825 0.068986 0.035864
1664948431.026175 -13.490908 -3.012349 -10.949385 -0.017054 0.998467 0.051018 -0.013066
1664948432.526175 -13.450162 -3.122635 -9.956320 -0.014108 0.997268 0.064676 -0.032781
1664948434.026175 -13.371345 -3.240313 -8.966401 -0.014947 0.997028 0.055654 -0.051133
1664948435.526175 -13.252998 -3.341143 -7.978561 -0.022473 0.993935 0.058632 -0.090281
1664948437.026175 -13.131287 -3.446962 -6.991653 -0.014323 0.998109 0.057892 -0.014922
1664948438.526175 -13.132796 -3.572991 -5.999627 -0.012098 0.997445 0.064004 0.029323
1664948440.026175 -13.247597 -3.683008 -5.012350 -0.002058 0.993317 0.075619 0.087167
1664948441.525772 -13.492086 -3.803031 -4.050155 -0.002069 0.973894 0.062264 0.218286
1664948443.025701 -14.301625 -4.234515 -3.652074 -0.002702 0.928678 0.086934 0.360545
1664948444.525701 -15.007836 -4.363774 -2.955971 0.004174 0.902414 0.079755 0.423405
1664948446.025701 -15.791530 -4.498041 -2.349509 0.007483 0.880761 0.082175 0.466317
1664948447.525701 -16.622793 -4.627670 -1.808957 0.006618 0.865643 0.086371 0.493111
1664948449.025701 -17.480347 -4.781801 -1.318197 -0.003238 0.857258 0.093315 0.506350
1664948450.525701 -18.343829 -4.940482 -0.839429 0.001515 0.855811 0.082082 0.510733
1664948452.025701 -19.212627 -5.089834 -0.367322 -0.007103 0.858717 0.093906 0.503722
1664948453.525701 -20.059108 -5.245408 0.141859 -0.012881 0.878908 0.091560 0.467944
1664948455.025701 -20.894265 -5.397269 0.670491 -0.003503 0.877598 0.089924 0.470875
1664948456.525608 -21.725234 -5.551208 1.205088 -0.008713 0.864363 0.089071 0.494841
1664948458.025473 -22.597358 -5.676939 1.677942 0.002877 0.850663 0.082394 0.519206
1664948459.525481 -23.444640 -5.853583 2.178852 -0.002880 0.870421 0.099824 0.482073
1664948461.025481 -24.368289 -6.041465 2.512876 0.004808 0.827296 0.100273 0.552723
1664948462.525481 -25.289941 -6.192729 2.870195 0.020563 0.788339 0.099936 0.606722
1664948464.025344 -26.262058 -6.314638 3.070513 0.028728 0.732151 0.105497 0.672309
1664948465.525337 -27.257505 -6.401995 3.032393 0.026936 0.645348 0.089802 0.758113
1664948467.025337 -28.227651 -6.481831 2.803391 0.020296 0.592774 0.098781 0.799031
1664948468.525337 -29.184477 -6.549530 2.520722 0.019950 0.570824 0.082368 0.816687
1664948470.025270 -30.128479 -6.625199 2.199575 0.014812 0.578092 0.068937 0.812919
1664948471.525207 -31.075679 -6.665512 1.881478 0.015122 0.588371 0.065905 0.805759
1664948473.025207 -32.034582 -6.723350 1.603700 0.002944 0.633602 0.073037 0.770198
1664948474.525207 -33.019925 -6.804202 1.453494 0.003848 0.687666 0.065547 0.723052
1664948476.025207 -34.006683 -6.880580 1.310401 0.034615 0.656492 0.069279 0.750347
1664948477.525304 -34.998248 -6.895855 1.181699 0.045067 0.655859 0.056348 0.751428
1664948479.025345 -35.987779 -6.861442 1.041537 0.059235 0.615480 0.027875 0.785429
1664948480.525245 -36.948366 -6.770253 0.778942 0.077738 0.548964 -0.006227 0.832200
1664948482.025290 -37.897187 -6.631827 0.495082 0.078963 0.641704 0.001449 0.762875
1664948483.525290 -38.884891 -6.521549 0.384261 0.079780 0.733695 0.037637 0.673728
1664948485.025536 -39.843627 -6.531105 0.668396 0.062361 0.830959 0.082592 0.546623
1664948486.525536 -40.762757 -6.597018 1.056797 0.061214 0.860458 0.105091 0.494794
1664948488.025536 -41.622349 -6.698786 1.557542 0.063172 0.869552 0.110295 0.477204
1664948489.525536 -42.451580 -6.821859 2.102729 0.061141 0.881514 0.093824 0.458684
1664948491.025704 -43.313348 -6.892270 2.605121 0.076779 0.808616 0.061180 0.580088
1664948492.525701 -44.115975 -6.943996 3.199357 0.081996 0.757743 0.058279 0.644753
1664948494.025701 -45.095056 -6.893786 3.396533 0.083091 0.758842 0.058773 0.643273
1664948495.525701 -46.081365 -6.915504 3.560003 0.130733 0.765524 0.007313 0.629944
1664948497.025610 -47.028770 -6.676768 3.773146 0.197073 0.763925 -0.069134 0.610575
1664948498.525645 -47.885658 -6.251004 4.063777 0.181885 0.768363 -0.050744 0.611523
1664948500.025645 -48.816611 -6.037348 4.359883 0.162562 0.774118 -0.026361 0.611245
1664948501.525645 -47.969413 -6.235550 3.866961 0.135479 0.761817 0.014347 0.633304
1664948503.025645 -48.737885 -6.059232 4.482072 0.124442 0.694585 -0.011259 0.708477
1664948504.525645 -49.662451 -5.691956 4.583498 0.121969 0.678457 -0.017721 0.724228
1664948506.025645 -50.631122 -5.558564 4.374014 0.166310 0.680665 -0.024978 0.713031
1664948507.525645 -51.149346 -4.862593 4.871073 0.141609 0.681869 -0.013348 0.717512
1664948509.025645 -52.072771 -4.493896 4.977602 0.110678 0.687285 -0.002097 0.717903
1664948510.525645 -53.066011 -4.398984 5.044425 0.101867 0.692466 -0.000079 0.714222
1664948512.025645 -52.097573 -4.576259 5.219643 0.079903 0.691300 0.015832 0.717962
1664948513.525645 -53.008425 -4.588619 4.807094 0.089588 0.690435 0.022531 0.717472
1664948515.025645 -53.868466 -4.754902 5.289462 0.087046 0.654628 0.012069 0.750826
1664948516.525645 -54.580787 -4.522044 5.951563 0.084988 0.618003 0.003659 0.781560
1664948518.025645 -55.527610 -4.383669 5.661083 0.092239 0.622827 0.002135 0.776900
1664948519.525645 -56.495957 -4.162186 5.545982 0.091267 0.590730 -0.003622 0.801683
1664948521.025645 -57.439495 -3.952414 5.289596 0.096542 0.612658 -0.001160 0.784429
1664948522.525645 -58.402473 -3.808839 5.061434 0.091993 0.625514 0.003452 0.774763
1664948524.025645 -59.380541 -3.688452 4.891462 0.088355 0.611323 0.000661 0.786433
1664948525.525645 -60.330943 -3.492410 4.649999 0.067299 0.599713 0.014588 0.797247
1664948527.025825 -61.289581 -3.369888 4.393093 0.026785 0.592409 0.037848 0.804302
1664948528.525851 -62.246993 -3.356937 4.104656 0.036467 0.560364 0.029400 0.826921
1664948530.025851 -63.165842 -3.301755 3.713926 0.003599 0.554231 0.056862 0.830411
1664948531.525851 -64.088397 -3.358240 3.332217 0.009033 0.546582 0.052190 0.835729
1664948533.025851 -64.983655 -3.427356 2.892063 -0.008207 0.529462 0.069412 0.845449
1664948534.525982 -65.874989 -3.520780 2.448446 -0.005456 0.511356 0.074768 0.856093
1664948536.026202 -66.668609 -3.596013 1.844701 -0.005363 0.480394 0.087178 0.872693
1664948537.526240 -67.512365 -3.689233 1.316132 -0.005523 0.494454 0.085261 0.864994
1664948539.026240 -68.267738 -3.759979 0.664667 0.020422 0.456848 0.075681 0.886084
1664948540.526240 -69.083544 -3.772147 0.086470 0.045073 0.387898 0.066837 0.918170
1664948542.026240 -69.785138 -3.702838 -0.622729 0.052089 0.375110 0.060249 0.923552
1664948543.526240 -70.461360 -3.663098 -1.358354 0.058272 0.375167 0.060103 0.923169
1664948545.026556 -71.132197 -3.578409 -2.095108 0.067266 0.376666 0.062853 0.921763
1664948546.526548 -71.765183 -3.461277 -2.860358 0.088684 0.309781 0.039997 0.945818
1664948548.026548 -72.348965 -3.303496 -3.656791 0.091373 0.282464 0.043454 0.953927
1664948549.526548 -72.925372 -3.148004 -4.459023 0.095039 0.283815 0.035572 0.953494
1664948551.026548 -73.473942 -2.975001 -5.277033 0.101894 0.287625 0.040652 0.951439
1664948552.526548 -74.049131 -2.805292 -6.077256 0.093780 0.299461 0.037420 0.948751
1664948554.026548 -74.629867 -2.640857 -6.874568 0.090399 0.315448 0.043180 0.943640
1664948555.526548 -75.242387 -2.491892 -7.650860 0.081400 0.361688 0.059808 0.926811
1664948557.026973 -75.946311 -2.391091 -8.353946 0.069805 0.399356 0.060816 0.912109
1664948558.526796 -76.742743 -2.301716 -8.952033 0.077497 0.484349 0.064205 0.869067
1664948560.025587 -77.613721 -2.226185 -9.437514 0.062268 0.520385 0.074244 0.848416
1664948561.525503 -78.525373 -2.201003 -9.847706 0.060750 0.563929 0.076435 0.820031
1664948563.025503 -79.453348 -2.157875 -10.217844 0.081645 0.571527 0.065690 0.813865
1664948564.525520 -80.397470 -2.103340 -10.542897 0.069927 0.571712 0.067386 0.814687
1664948566.025623 -81.326617 -2.141289 -10.910655 0.053986 0.573363 0.066637 0.814801
1664948567.525608 -82.279888 -2.108755 -11.211016 0.063383 0.594493 0.065736 0.798899
1664948569.025608 -83.240329 -2.091266 -11.488950 0.061908 0.602212 0.062602 0.793467
1664948570.525608 -84.205334 -2.064621 -11.749823 0.055072 0.607333 0.059244 0.790319
1664948572.025412 -85.176086 -2.044607 -11.989072 0.051200 0.615115 0.063235 0.784228
1664948573.525384 -86.143672 -2.035396 -12.241445 0.053740 0.618343 0.073016 0.780662
1664948575.025384 -87.106350 -2.030435 -12.512048 0.059066 0.584436 0.072397 0.806042
1664948576.525384 -88.071229 -2.021735 -12.774599 0.048655 0.614773 0.073417 0.783771
1664948578.025343 -89.049146 -2.026405 -12.983543 0.049019 0.656005 0.072609 0.749655
1664948579.525284 -90.041383 -2.053926 -13.104821 0.048715 0.673280 0.072119 0.734248
1664948581.025280 -91.037832 -2.069061 -13.187644 0.054337 0.683875 0.067880 0.724400
1664948582.525280 -92.037256 -2.074732 -13.221089 0.065609 0.711352 0.067691 0.696486
1664948584.025280 -93.036413 -2.070982 -13.180204 0.060667 0.723213 0.069076 0.684479
1664948585.525403 -94.034159 -2.102573 -13.120993 0.050604 0.731558 0.084930 0.674573
1664948587.025437 -95.027905 -2.179670 -13.040223 0.039626 0.739833 0.092501 0.665222
1664948588.525437 -96.016527 -2.253499 -12.909167 0.046257 0.753865 0.086919 0.649610
1664948590.025551 -97.000889 -2.314877 -12.744046 0.040593 0.766735 0.082346 0.635365
1664948591.525551 -97.983912 -2.387551 -12.575569 0.038247 0.755577 0.082502 0.648717
1664948593.025551 -98.972818 -2.437110 -12.435541 0.043980 0.750888 0.077113 0.654436
1664948594.525551 -99.961066 -2.494596 -12.293898 0.038303 0.752025 0.077015 0.653498
1664948596.025551 -100.957715 -2.535018 -12.222791 0.041273 0.702125 0.071082 0.707294
1664948597.525551 -101.956982 -2.570561 -12.237031 0.050925 0.698529 0.069407 0.710385
1664948599.025551 -102.956680 -2.588023 -12.254292 0.047413 0.694115 0.069843 0.714897
1664948600.525551 -103.954242 -2.604022 -12.322216 0.045114 0.651204 0.074756 0.753863
1664948602.025551 -104.930474 -2.621632 -12.538228 0.028217 0.591840 0.087394 0.800807
1664948603.525551 -105.883202 -2.660123 -12.839605 0.038924 0.583304 0.081915 0.807175
1664948605.025551 -106.848910 -2.679326 -13.098525 0.044544 0.621963 0.075595 0.778115
1664948606.525450 -107.830754 -2.688165 -13.288010 0.045994 0.675701 0.075229 0.731883
1664948608.025376 -108.829826 -2.716032 -13.320861 0.050978 0.701857 0.071756 0.706858
1664948609.525376 -109.829039 -2.755538 -13.324241 0.049284 0.725426 0.078768 0.682000
1664948611.025376 -110.825500 -2.798437 -13.251954 0.042821 0.738274 0.088591 0.667285
1664948612.525376 -111.816942 -2.846481 -13.130568 0.046395 0.749797 0.079679 0.655213
1664948614.025401 -112.816449 -2.874608 -13.116580 0.049853 0.700298 0.077670 0.707859
1664948615.525549 -113.815821 -2.909273 -13.123874 0.049578 0.684419 0.068078 0.724208
1664948617.025581 -114.813987 -2.926474 -13.181908 0.051968 0.686207 0.074281 0.721735
1664948618.525760 -115.805895 -2.954014 -13.305846 0.045234 0.634920 0.075488 0.767549
1664948620.025841 -116.755389 -2.983781 -13.618216 0.047685 0.533847 0.078889 0.840541
1664948621.525841 -117.595674 -2.927752 -14.157458 0.069870 0.467094 0.064273 0.879096
1664948623.025841 -118.356183 -2.852667 -14.802430 0.073393 0.357717 0.056409 0.929231
1664948624.525841 -118.899036 -2.721815 -15.632001 0.069234 0.244759 0.045902 0.966019
1664948626.025668 -119.300508 -2.610454 -16.541077 0.055135 0.148946 0.046934 0.986191
1664948627.525673 -119.459487 -2.540908 -17.525906 0.065361 0.018170 0.041969 0.996813
1664948629.025673 -119.408919 -2.378668 -18.511361 0.084784 -0.079399 0.027073 0.992862
1664948630.525673 -119.144834 -2.209809 -19.460964 0.079222 -0.170088 0.025765 0.981901
1664948632.025485 -118.700700 -2.032422 -20.339189 0.082211 -0.291496 0.019330 0.952837
1664948633.525496 -118.155193 -1.863593 -21.160115 0.086022 -0.305647 0.010042 0.948198
1664948635.027500 -117.558235 -1.690571 -21.943507 0.079532 -0.333962 0.014004 0.939121
1664948636.525639 -116.938849 -1.519392 -22.709704 0.083742 -0.341012 0.006218 0.936301
1664948638.025623 -116.350229 -1.324123 -23.494177 0.093824 -0.323368 0.004963 0.941597
1664948639.525623 -115.780084 -1.146054 -24.296191 0.089372 -0.223569 0.017535 0.970424
1664948641.025623 -115.449971 -0.948245 -25.219174 0.095606 -0.122382 0.029845 0.987417
1664948642.525623 -115.207070 -0.760141 -26.170812 0.077140 -0.077228 0.035125 0.993404
1664948644.025623 -115.108346 -0.582104 -27.149871 0.096539 -0.040615 0.033559 0.993934
1664948645.525623 -115.068951 -0.388882 -28.130235 0.089012 -0.002970 0.037429 0.995323
1664948647.025623 -115.089405 -0.220868 -29.115807 0.073620 0.017471 0.045672 0.996087
1664948648.525623 -115.154563 -0.042742 -30.097655 0.090098 0.036411 0.043268 0.994326
1664948650.025623 -115.280552 0.132966 -31.074002 0.083941 0.074594 0.044905 0.992660
1664948651.525623 -115.450771 0.283520 -32.047840 0.078711 0.098999 0.046287 0.990889
1664948653.025623 -115.716412 0.445588 -32.998192 0.075089 0.164585 0.055419 0.981938
1664948654.525623 -116.261855 0.570477 -33.826983 0.060711 0.367631 0.051943 0.926533
1664948656.025623 -116.858723 0.621220 -34.627716 0.054457 0.308320 0.054519 0.948156
1664948657.525623 -117.411443 0.694389 -35.457865 0.069861 0.240205 0.059026 0.966404
1664948659.025623 -117.787207 0.771187 -36.381392 0.086430 0.137339 0.066901 0.984475
1664948660.525623 -118.041466 0.932185 -37.335034 0.083410 0.085801 0.060494 0.990970
1664948662.025623 -118.142953 1.111816 -38.313519 0.105307 0.028470 0.078417 0.990934
1664948663.525623 -118.181978 1.347604 -39.284540 0.119585 0.000897 0.072386 0.990181
1664948665.025623 -118.112276 1.603267 -40.248790 0.106508 -0.025339 0.073470 0.991270
1664948666.525623 -118.089394 1.836961 -41.220831 0.100155 -0.015650 0.064771 0.992738
1664948668.025623 -117.993977 2.056063 -42.191856 0.110019 -0.049527 0.069869 0.990233
1664948669.525623 -117.907613 2.305407 -43.156412 0.118703 -0.066097 0.041507 0.989858
1664948671.025623 -117.614852 2.562895 -44.077276 0.126130 -0.218679 0.032904 0.967051
1664948672.525623 -117.178120 2.829062 -44.936590 0.128239 -0.254985 0.010264 0.958349
1664948674.025623 -116.688816 3.084174 -45.770557 0.138355 -0.317120 -0.009942 0.938186
1664948675.525623 -116.093976 3.341674 -46.532041 0.129098 -0.314930 0.000526 0.940294
1664948677.025623 -115.532776 3.590308 -47.321494 0.131468 -0.267627 -0.002147 0.954509
1664948678.525623 -115.023004 3.850741 -48.141437 0.134958 -0.258598 0.006259 0.956490
1664948680.025623 -114.452149 4.115647 -48.918579 0.136748 -0.362999 -0.009862 0.921648
1664948681.525623 -113.765597 4.350805 -49.606581 0.128528 -0.402333 -0.025709 0.906061
1664948683.025623 -112.924290 4.526993 -50.117620 0.114925 -0.504400 -0.051839 0.854216
1664948684.525623 -112.041680 4.681277 -50.561687 0.125605 -0.543064 -0.040022 0.829278
1664948686.025740 -111.130317 4.832341 -50.944567 0.106642 -0.586184 -0.053816 0.801324
1664948687.525878 -110.171008 4.953278 -51.199716 0.117370 -0.618775 -0.054995 0.774801
1664948689.025887 -109.187257 5.045016 -51.354043 0.102909 -0.667609 -0.067261 0.734291
1664948690.525887 -108.189314 5.104399 -51.378230 0.093384 -0.749454 -0.092285 0.648908
1664948692.025887 -107.219693 5.075631 -51.135316 0.094505 -0.787295 -0.085766 0.603224
1664948693.525887 -106.294433 5.053635 -50.756620 -0.088286 0.870485 0.093343 -0.475131
1664948695.025887 -105.459710 4.982418 -50.210575 -0.079123 0.882204 0.089707 -0.455422
1664948696.525887 -104.767925 4.872428 -49.496898 -0.058407 0.939619 0.104076 -0.320737
1664948698.025887 -104.165120 4.713542 -48.714989 -0.053492 0.953589 0.102909 -0.277877
1664948699.525887 -103.638337 4.566952 -47.877725 -0.061520 0.962433 0.104716 -0.242843
1664948701.025887 -103.176787 4.398547 -47.006742 -0.056528 0.966132 0.112326 -0.225337
1664948702.525887 -102.718989 4.212582 -46.137353 -0.057079 0.963063 0.117940 -0.235246
1664948704.025887 -102.248712 4.033403 -45.273215 -0.053376 0.962970 0.113291 -0.238755
1664948705.525706 -101.792562 3.841887 -44.404164 -0.052531 0.964161 0.124784 -0.228173
1664948707.025697 -101.335220 3.622201 -43.542435 -0.057842 0.966594 0.130777 -0.212716
1664948708.526041 -100.905764 3.412677 -42.663989 -0.058048 0.969428 0.100520 -0.216184
1664948710.025783 -100.461129 3.244867 -41.784137 -0.063912 0.966136 0.116775 -0.221041
1664948711.525783 -100.025248 3.066631 -40.901958 -0.061529 0.968565 0.115654 -0.211471
1664948713.025783 -99.618890 2.878812 -40.007756 -0.055766 0.969936 0.121318 -0.203463
1664948714.525783 -99.212915 2.678974 -39.115989 -0.052636 0.971266 0.116762 -0.200596
1664948716.025783 -98.812366 2.501299 -38.217105 -0.052548 0.973309 0.099577 -0.199982
1664948717.525783 -98.388529 2.337266 -37.326344 -0.070684 0.972485 0.109988 -0.192821
1664948719.025783 -98.010163 2.168814 -36.416145 -0.065238 0.974863 0.101962 -0.187058
1664948720.525783 -97.633153 2.022749 -35.501525 -0.065656 0.973743 0.104187 -0.191467
1664948722.025783 -97.251968 1.861358 -34.591223 -0.063763 0.974936 0.101329 -0.187527
1664948723.525783 -96.896736 1.691555 -33.671996 -0.068635 0.979497 0.104093 -0.158239
1664948725.025783 -96.605773 1.501630 -32.734303 -0.058553 0.987188 0.119342 -0.088252
1664948726.525783 -96.404848 1.292034 -31.777381 -0.065106 0.988476 0.117967 -0.068994
1664948728.025783 -96.007261 1.129468 -30.874333 -0.084236 0.969510 0.102824 -0.205870
1664948729.525783 -95.377239 1.036877 -30.103295 -0.106531 0.903732 0.088764 -0.405019
1664948731.025783 -94.585192 0.987842 -29.494808 0.114459 -0.824754 -0.059449 0.550587
1664948732.525783 -93.659456 1.022999 -29.118274 0.115111 -0.779661 -0.034603 0.614558
1664948734.025710 -92.692180 1.124237 -28.885621 0.116424 -0.760631 -0.028606 0.638018
1664948735.525565 -91.707447 1.252811 -28.768272 0.117571 -0.728675 -0.024063 0.674263
1664948737.025546 -90.717310 1.389671 -28.798216 0.117705 -0.633829 -0.005783 0.764443
1664948738.525429 -89.755089 1.566682 -29.005094 0.117054 -0.605504 -0.002840 0.787182
1664948740.025378 -88.814259 1.805490 -29.245530 0.116776 -0.484124 0.010037 0.867114
1664948741.525378 -87.896077 1.986657 -29.597836 0.110988 -0.314506 0.029797 0.942274
1664948743.025378 -86.938302 2.134878 -29.351466 0.104939 -0.217233 0.045809 0.969381
1664948744.525378 -86.577486 2.362789 -30.255827 0.105949 -0.176400 0.046946 0.977473
1664948746.025378 -86.261836 2.589014 -31.177341 0.096493 -0.119969 0.061328 0.986172
1664948747.525378 -85.918625 2.814596 -32.089108 0.107027 -0.221689 0.058810 0.967440
1664948749.025378 -85.506063 3.051877 -32.968591 0.108958 -0.280094 0.049026 0.952508
1664948750.525977 -84.954097 3.296344 -33.765816 0.106976 -0.297755 0.046148 0.947507
1664948752.025868 -84.396721 3.532036 -34.561920 0.111326 -0.316456 0.041308 0.941146
1664948753.525868 -83.737568 3.758725 -35.278949 0.110011 -0.385597 0.037428 0.915320
1664948755.026226 -83.056153 3.969045 -35.979976 0.101677 -0.384800 0.035729 0.916687
1664948756.526558 -82.522002 4.182068 -36.798086 0.105517 -0.256859 0.042887 0.959714
1664948758.027500 -82.050218 4.398696 -37.652774 0.094841 -0.179945 0.058879 0.977322
1664948759.527500 -81.747438 4.607002 -38.582792 0.096542 -0.145208 0.060684 0.982808
1664948761.027500 -81.507998 4.820137 -39.530020 0.084072 -0.087137 0.067480 0.990346
1664948762.527500 -81.346322 5.008641 -40.498693 0.093941 -0.074453 0.076688 0.989824
1664948764.027500 -81.240226 5.211535 -41.472129 0.092991 -0.061781 0.069846 0.991291
1664948765.527500 -81.124180 5.406279 -42.446094 0.089582 -0.051436 0.076744 0.991685
1664948767.026967 -81.148106 5.574598 -43.431537 0.075946 0.040766 0.084719 0.992670
1664948768.526384 -81.247139 5.723448 -44.415425 0.077638 0.066220 0.086388 0.991022
1664948770.026195 -81.260183 5.896848 -45.400190 0.084160 -0.041640 0.075198 0.992738
1664948771.526327 -81.234483 6.073895 -46.384057 0.083169 -0.009475 0.075350 0.993637
1664948773.026327 -81.225591 6.240914 -47.369970 0.080825 0.012582 0.083854 0.993115
1664948774.526327 -81.173299 6.414934 -48.353323 0.085316 -0.046921 0.081369 0.991917
1664948776.026327 -80.969194 6.613594 -49.311903 0.089316 -0.142051 0.074495 0.983003
1664948777.526327 -80.476879 6.887432 -50.138123 0.149122 -0.389147 0.058283 0.907155
1664948779.026327 -79.783253 7.285475 -50.738492 0.159288 -0.582651 -0.000676 0.796960
1664948780.526327 -78.820797 7.532018 -50.852054 0.154132 -0.792621 -0.056507 0.587199
1664948782.026020 -77.898907 7.620926 -50.474941 -0.140797 0.907482 0.091469 -0.385078
1664948783.525733 -77.178648 7.557770 -49.784117 -0.134674 0.924258 0.098505 -0.343376
1664948785.025733 -76.485043 7.489768 -49.066978 -0.139932 0.915865 0.094796 -0.364175
1664948786.525602 -75.770588 7.437581 -48.369247 -0.142412 0.902366 0.089665 -0.396756
1664948788.025505 -75.006194 7.406579 -47.725243 -0.145456 0.892813 0.087596 -0.417199
1664948789.525501 -74.231328 7.390332 -47.093325 -0.146817 0.887039 0.083261 -0.429737
1664948791.025501 -73.435102 7.378838 -46.488436 -0.148509 0.882514 0.084576 -0.438133
1664948792.525501 -72.641614 7.358777 -45.880180 -0.148803 0.886956 0.083083 -0.429261
1664948794.025501 -71.848403 7.336765 -45.271631 -0.148085 0.886094 0.081486 -0.431588
1664948795.525501 -71.060221 7.327999 -44.656252 -0.146657 0.884907 0.082341 -0.434341
1664948797.025501 -70.262690 7.328102 -44.052974 -0.150171 0.881313 0.081529 -0.440556
1664948798.525684 -69.464257 7.314598 -43.451042 -0.149435 0.877435 0.081454 -0.448488
1664948800.025663 -68.646071 7.321496 -42.876129 -0.152890 0.872749 0.076471 -0.457259
1664948801.525663 -67.826295 7.337856 -42.303678 -0.151223 0.868305 0.076881 -0.466119
1664948803.025532 -67.004975 7.346655 -41.733279 -0.149442 0.876126 0.079284 -0.451425
1664948804.525588 -66.179336 7.335349 -41.169193 -0.146878 0.875224 0.079464 -0.453977
1664948806.025588 -65.348872 7.329066 -40.612156 -0.146702 0.873102 0.080507 -0.457920
1664948807.525588 -64.530769 7.330432 -40.037087 -0.147459 0.870320 0.078985 -0.463207
1664948809.025588 -63.701870 7.341057 -39.477789 -0.148684 0.867185 0.073477 -0.469557
1664948810.525633 -62.859023 7.352532 -38.939758 -0.145841 0.862462 0.080598 -0.477906
1664948812.025710 -62.001807 7.341259 -38.424924 -0.143221 0.858537 0.080112 -0.485781
1664948813.525700 -61.141346 7.340798 -37.915409 -0.143524 0.854304 0.076807 -0.493626
1664948815.025700 -60.276083 7.351862 -37.414211 0.144241 -0.849293 -0.073820 0.502440
1664948816.525700 -59.403651 7.381270 -36.926362 0.143897 -0.844367 -0.072561 0.510952
1664948818.025700 -58.521158 7.406736 -36.456726 0.144338 -0.839234 -0.072520 0.519225
1664948819.525700 -57.631305 7.447534 -36.002308 0.144161 -0.834551 -0.070488 0.527043
1664948821.025700 -56.729519 7.493842 -35.572613 0.148381 -0.828652 -0.064804 0.535835
1664948822.525566 -55.819625 7.547523 -35.161258 0.144749 -0.827010 -0.067848 0.538980
1664948824.025536 -54.905672 7.597308 -34.758505 0.142942 -0.828569 -0.073108 0.536373
1664948825.525290 -53.984690 7.635203 -34.370747 0.141277 -0.825956 -0.072221 0.540946
1664948827.025290 -53.073606 7.678195 -33.960773 0.142776 -0.823432 -0.070733 0.544584
1664948828.525290 -52.149333 7.731017 -33.582714 0.146031 -0.818086 -0.069837 0.551844
1664948830.025351 -51.226697 7.784479 -33.200767 0.147825 -0.813285 -0.067476 0.558715
1664948831.525483 -50.295093 7.836712 -32.841063 0.143028 -0.806999 -0.070866 0.568572
1664948833.025492 -49.347141 7.865245 -32.523930 0.132186 -0.798833 -0.085875 0.580533
1664948834.525492 -48.383166 7.868497 -32.257957 0.121722 -0.786783 -0.126418 0.591755
1664948836.025492 -47.422605 7.825589 -31.983221 0.125259 -0.779334 -0.124448 0.601217
1664948837.525492 -46.454660 7.794735 -31.733960 0.130577 -0.774159 -0.111092 0.609332
1664948839.025492 -45.486262 7.822487 -31.486099 0.157457 -0.772013 -0.072803 0.611476
1664948840.525492 -44.527063 7.933766 -31.226187 0.183961 -0.769924 -0.036170 0.609973
1664948842.025492 -43.576998 8.109345 -30.968215 0.192061 -0.785721 -0.027968 0.587344
1664948843.525492 -42.654104 8.321345 -30.646776 0.202849 -0.787944 -0.013293 0.581222
1664948845.025492 -41.742474 8.559848 -30.312044 0.208788 -0.785462 -0.002415 0.582624
1664948846.525492 -40.828740 8.797229 -29.982284 0.190192 -0.784224 -0.016746 0.590373
1664948848.025492 -39.897955 8.981429 -29.666516 0.183510 -0.787119 -0.044828 0.587162
1664948849.525492 -38.972703 9.128334 -29.316763 0.168068 -0.824814 -0.072724 0.534926
1664948851.025492 -38.067486 9.200689 -28.898018 0.171992 -0.826418 -0.074343 0.530966
1664948852.525492 -37.186939 9.223734 -28.424619 0.167764 -0.838990 -0.083471 0.510866
1664948854.025492 -36.301083 9.260429 -27.962113 0.162702 -0.841954 -0.083209 0.507659
1664948855.525492 -35.410197 9.302472 -27.509836 0.163290 -0.841272 -0.084908 0.508320
1664948857.025492 -34.582502 9.291275 -26.948769 -0.148204 0.901577 0.107099 -0.392077
1664948858.525383 -33.951255 9.178422 -26.181442 -0.134762 0.944541 0.120866 -0.273995
1664948860.025392 -33.445012 9.023283 -25.333120 -0.132195 0.961045 0.123275 -0.209096
1664948861.525392 -33.096013 8.823798 -24.417475 -0.118510 0.978548 0.138862 -0.095479
1664948863.025392 -32.861689 8.597525 -23.472016 -0.120006 0.978146 0.142930 -0.091650
1664948864.525392 -32.633088 8.339087 -22.533426 -0.120359 0.977853 0.143631 -0.093206
1664948866.025392 -32.431694 8.086976 -21.586916 -0.112222 0.982098 0.148603 -0.028418
1664948867.525517 -32.345796 7.805496 -20.631202 -0.110808 0.982271 0.149649 -0.021665
1664948869.025528 -32.289112 7.523605 -19.673431 -0.114866 0.981606 0.150942 -0.021734
1664948870.525528 -32.205949 7.237409 -18.718876 -0.116174 0.981371 0.151166 -0.023750
1664948872.025528 -32.151027 6.964412 -17.758430 -0.114870 0.981485 0.153173 -0.005456
1664948873.525528 -32.099201 6.678335 -16.801626 -0.113013 0.981365 0.155327 0.004857
1664948875.025528 -32.100691 6.366604 -15.851457 -0.105457 0.981236 0.157012 0.037435
1664948876.525377 -32.164731 6.046525 -14.906233 -0.104080 0.980619 0.160450 0.042538
1664948878.025369 -32.194515 5.748892 -13.952017 -0.107118 0.982226 0.150893 0.031446
1664948879.525566 -32.215700 5.436693 -13.002237 -0.110661 0.981004 0.159022 0.009802
1664948881.025599 -32.181296 5.131752 -12.050487 -0.112943 0.981152 0.156783 -0.001681
1664948882.525775 -32.141806 4.836241 -11.095964 -0.112024 0.981512 0.154640 -0.013107
1664948884.025923 -32.080300 4.539951 -10.142849 -0.112360 0.981452 0.153651 -0.022776
1664948885.525923 -32.003986 4.238277 -9.192497 -0.108259 0.981530 0.157453 -0.009344
1664948887.025923 -31.947599 3.938797 -8.240062 -0.108809 0.981484 0.157452 -0.007665
1664948888.525923 -31.906888 3.643202 -7.285616 -0.107860 0.981768 0.156246 -0.009251
1664948890.025923 -31.857719 3.349249 -6.331062 -0.108901 0.981760 0.155533 -0.009825
1664948891.525923 -31.805509 3.064009 -5.374029 -0.108327 0.981733 0.156111 -0.009784
1664948893.025923 -31.739597 2.762359 -4.422891 -0.109951 0.981442 0.156609 -0.012526
1664948894.525753 -31.689689 2.447105 -3.475197 -0.110657 0.980771 0.159695 -0.018460
1664948896.025783 -31.019696 2.581809 -2.745153 -0.113121 0.980781 0.154523 -0.037343
1664948897.525783 -30.905627 1.685570 -2.316500 -0.113121 0.980781 0.154523 -0.037343
1664948899.025783 -30.961603 1.068103 -1.531897 -0.113121 0.980781 0.154523 -0.037343
