1665024635.400674 0.904856 0.174334 -0.388386 -0.000000 0.000000 0.000000 1.000000
1665024636.400663 1.482206 -0.403016 0.188965 -0.000000 0.000000 0.000000 1.000000
1665024637.400662 1.355660 -0.139144 1.145185 -0.000000 0.000000 0.000000 1.000000
1665024638.400662 1.933010 -0.716494 1.722535 -0.000000 0.000000 0.000000 1.000000
1665024639.400662 2.479934 -0.603488 0.893015 -0.000000 0.000000 0.000000 1.000000
1665024640.400662 2.619289 -0.281714 1.829520 0.000002 -0.000004 0.000002 1.000000
1665024641.400662 3.616751 -0.257506 1.896483 0.997462 0.024206 0.066959 -0.000002
1665024642.400662 3.573189 -0.900703 1.132023 0.024563 0.759602 -0.640512 -0.110208
1665024643.400662 2.761391 -1.427871 1.383177 0.024563 0.759602 -0.640512 -0.110208
1665024644.400662 2.307678 -0.680524 1.868580 0.024563 0.759602 -0.640512 -0.110208
1665024645.400662 1.333176 -0.502028 2.004543 0.110209 0.640512 0.759602 0.024564
1665024646.400662 0.486065 -1.025412 2.096588 -0.477001 0.641021 -0.482806 0.358413
1665024647.400662 1.477925 -1.016211 2.223590 -0.477001 0.641021 -0.482806 0.358413
1665024648.400662 2.312100 -0.667457 1.796364 -0.477001 0.641021 -0.482806 0.358413
1665024649.400662 1.325911 -0.611049 1.952086 -0.477001 0.641021 -0.482806 0.358413
1665024650.400662 1.978720 -1.288391 2.291274 0.343573 -0.089382 0.216940 0.909343
1665024651.400662 2.868615 -0.955264 2.602901 0.343573 -0.089382 0.216940 0.909343
1665024652.400662 2.888093 -0.340482 1.814444 0.339212 -0.088098 0.216323 0.911251
1665024653.400662 2.852471 0.300341 1.047583 0.302715 0.048061 0.263290 0.914731
1665024654.400826 2.647155 0.810416 0.212317 0.241549 0.221484 0.323599 0.887628
1665024655.400993 2.106964 1.102501 -0.576911 0.232512 0.240748 0.332203 0.881827
1665024656.401025 1.521473 1.353838 -1.347644 0.206380 0.316659 0.350840 0.856765
1665024657.401025 0.808972 1.467511 -2.040047 0.185388 0.383878 0.360177 0.829784
1665024658.401025 0.030867 1.482705 -2.667996 0.170673 0.415933 0.366157 0.814739
1665024659.401025 -0.757767 1.470227 -3.282733 0.158193 0.425949 0.366237 0.812042
1665024660.401025 -1.556701 1.416734 -3.881769 0.159834 0.435024 0.383982 0.798602
1665024661.401025 -2.387066 1.319790 -4.430490 0.146419 0.460739 0.387736 0.784820
1665024662.401191 -3.245302 1.176346 -4.923292 0.130962 0.483956 0.387910 0.773409
1665024663.401394 -4.093109 0.989699 -5.419666 0.115966 0.500133 0.393208 0.762762
1665024664.401470 -4.954676 0.767582 -5.876138 0.107591 0.509627 0.394793 0.756864
1665024665.401470 -5.818131 0.507025 -6.308060 0.094394 0.531589 0.398168 0.741597
1665024666.401470 -6.682033 0.186595 -6.696642 0.071403 0.564791 0.405063 0.715428
1665024667.401470 -7.547432 -0.174941 -7.043597 0.068446 0.576624 0.405678 0.705865
1665024668.401470 -8.421526 -0.533226 -7.371607 0.070453 0.575982 0.405163 0.706488
1665024669.401470 -9.298662 -0.891916 -7.690941 0.072060 0.573892 0.405310 0.707940
1665024670.401470 -10.172851 -1.245664 -8.023590 0.071271 0.571699 0.407078 0.708779
1665024671.401470 -11.049757 -1.603323 -8.344708 0.072595 0.574804 0.404549 0.707581
1665024672.401470 -11.926150 -1.964163 -8.663659 0.072103 0.577562 0.404903 0.705178
1665024673.401470 -12.802648 -2.316483 -8.991716 0.075213 0.578720 0.402862 0.705073
1665024674.401470 -13.683724 -2.665538 -9.310881 0.076232 0.576477 0.404091 0.706098
1665024675.401470 -14.561664 -3.019621 -9.633133 0.075757 0.573697 0.404648 0.708090
1665024676.401470 -15.436773 -3.370516 -9.966387 0.086761 0.558081 0.400399 0.721595
1665024677.401470 -16.314941 -3.695341 -10.317540 0.087016 0.551564 0.403653 0.724755
1665024678.401470 -17.189447 -4.019833 -10.678017 0.091195 0.555331 0.397802 0.724599
1665024679.401470 -18.070451 -4.330844 -11.034535 0.089416 0.554498 0.400696 0.723864
1665024680.401470 -18.940841 -4.651469 -11.408193 0.085284 0.551771 0.407015 0.722920
1665024681.401470 -19.814238 -4.979390 -11.768257 0.084861 0.556800 0.402183 0.721818
1665024682.401470 -20.691075 -5.308070 -12.119149 0.080938 0.561179 0.399925 0.720130
1665024683.401470 -21.566382 -5.647586 -12.463485 0.075990 0.565307 0.401640 0.716477
1665024684.401470 -22.444845 -5.997945 -12.788371 0.072440 0.570768 0.401540 0.712560
1665024685.401470 -23.324056 -6.372419 -13.082917 0.044611 0.615893 0.407639 0.672693
1665024686.401470 -24.164452 -6.908833 -13.160337 -0.007335 0.706217 0.409634 0.577412
1665024687.401470 -24.979515 -7.487315 -13.192447 -0.052298 0.759832 0.409691 0.502069
1665024688.401470 -25.704666 -8.151760 -13.011700 -0.062711 0.771766 0.407440 0.484187
1665024689.401470 -26.401088 -8.836330 -12.796385 -0.063897 0.796767 0.397769 0.450399
1665024690.401470 -26.936567 -9.463758 -12.231057 -0.122935 0.796090 0.398402 0.438637
1665024691.401470 -27.702604 -10.094858 -12.353125 -0.173552 0.851572 0.402856 0.287076
1665024692.401470 -28.005319 -10.880719 -11.813879 -0.195104 0.869534 0.369945 0.262651
1665024693.401816 -28.255636 -11.612043 -11.179445 -0.209026 0.886999 0.359938 0.199964
1665024694.401818 -28.519475 -12.334719 -10.540597 -0.242109 0.901235 0.335710 0.128291
1665024695.401875 -28.623231 -13.000607 -9.801795 -0.235239 0.893040 0.342292 0.173144
1665024696.401875 -28.815506 -13.703750 -9.117237 -0.219524 0.878463 0.356432 0.230364
1665024697.401875 -29.064231 -14.423059 -8.468599 -0.196551 0.841149 0.391087 0.317627
1665024698.402314 -29.430479 -15.198961 -7.954947 -0.206754 0.853171 0.382185 0.288595
1665024699.402402 -29.736929 -15.982901 -7.415016 -0.223650 0.855235 0.384288 0.266225
1665024700.402404 -30.027431 -16.756959 -6.852484 -0.210975 0.857886 0.377582 0.277403
1665024701.402404 -30.325245 -17.521161 -6.280380 -0.222267 0.871410 0.370725 0.231958
1665024702.401781 -30.559187 -18.261630 -5.650318 -0.240226 0.872783 0.365983 0.215864
1665024703.401466 -30.734170 -18.989761 -4.987592 -0.244433 0.881370 0.359845 0.184257
1665024704.401421 -30.879583 -19.713496 -4.313009 -0.244071 0.890873 0.346518 0.163400
1665024705.401168 -30.988463 -20.393732 -3.588147 -0.251367 0.894747 0.336825 0.150969
1665024706.400964 -31.096824 -21.071760 -2.861143 -0.248996 0.886488 0.350352 0.171443
1665024707.400925 -31.279890 -21.782642 -2.182074 -0.224282 0.878633 0.354342 0.228352
1665024708.400925 -31.560245 -22.507898 -1.553263 -0.196489 0.873079 0.365274 0.256321
1665024709.400925 -31.899072 -23.251336 -0.976638 -0.173645 0.862811 0.376170 0.289655
1665024710.400925 -32.263436 -24.009143 -0.435372 -0.172263 0.861738 0.377151 0.292386
1665024711.400925 -32.598249 -24.751882 0.144489 -0.199508 0.852036 0.372149 0.309412
1665024712.400925 -33.013842 -25.496261 0.667157 -0.177286 0.863617 0.361169 0.303797
1665024713.400901 -33.386631 -26.215526 1.253404 -0.198614 0.891560 0.336439 0.229089
1665024714.400653 -33.668625 -26.895873 1.929871 -0.217586 0.904858 0.328509 0.161154
1665024715.400599 -33.837589 -27.566166 2.652476 -0.213134 0.906230 0.332079 0.151804
1665024716.400599 -33.939471 -28.220396 3.401878 -0.218065 0.920458 0.307253 0.103920
1665024717.400599 -33.945564 -28.790614 4.223349 -0.271477 0.920973 0.272869 -0.060425
1665024718.400856 -33.594740 -29.183762 5.073265 -0.311027 0.901721 0.205272 -0.219144
1665024719.400928 -32.893663 -29.174661 5.786292 -0.343242 0.827415 0.156728 -0.415940
1665024720.400918 -33.637470 -29.829799 5.918752 0.359435 -0.695126 -0.067194 0.618944
1665024721.400918 -32.727935 -29.580321 6.251177 0.362350 -0.646680 -0.032639 0.670404
1665024722.400849 -31.826949 -29.156907 6.345752 0.347807 -0.637067 -0.028248 0.687298
1665024723.400762 -30.937622 -28.702416 6.396099 0.367374 -0.631463 -0.018659 0.682600
1665024724.400775 -30.068157 -28.210587 6.442319 0.356501 -0.675321 -0.055095 0.643283
1665024725.400775 -29.158276 -27.860915 6.665580 0.351046 -0.720037 -0.084131 0.592651
1665024726.400775 -28.246441 -27.585564 6.970109 0.336518 -0.751837 -0.111767 0.555882
1665024727.400792 -27.348342 -27.393603 7.365798 0.335359 -0.775241 -0.114446 0.522913
1665024728.401087 -26.461691 -27.211275 7.790776 -0.335214 0.793964 0.124878 -0.491587
1665024729.401187 -25.608875 -27.109477 8.302970 -0.326727 0.810926 0.138896 -0.465141
1665024730.401187 -24.759756 -27.027733 8.824808 -0.329164 0.819732 0.140562 -0.447139
1665024731.401187 -23.961793 -26.998785 9.426818 -0.317304 0.843188 0.159502 -0.403623
1665024732.401187 -23.212203 -27.024974 10.088202 -0.303902 0.871690 0.175756 -0.341920
1665024733.401187 -22.554963 -27.170850 10.827632 -0.278464 0.894762 0.205816 -0.281955
1665024734.401187 -21.996252 -27.405538 11.623097 -0.262545 0.916663 0.214127 -0.212011
1665024735.401187 -21.497420 -27.692946 12.440754 -0.258149 0.921122 0.212776 -0.199048
1665024736.401187 -21.025278 -27.989636 13.270848 -0.258484 0.918746 0.221505 -0.200066
1665024737.401187 -20.590071 -28.309443 14.112465 -0.252787 0.927481 0.227642 -0.155104
1665024738.401187 -20.198484 -28.637633 14.972087 -0.256736 0.926359 0.229751 -0.152186
1665024739.401187 -19.793663 -28.992887 15.814652 -0.254673 0.923777 0.240011 -0.155474
1665024740.401187 -19.393044 -29.353213 16.657071 -0.253576 0.925258 0.242829 -0.143632
1665024741.401187 -19.017191 -29.733476 17.502135 -0.248126 0.926452 0.245390 -0.141084
1665024742.401187 -18.629163 -30.113808 18.341648 -0.248377 0.925920 0.247259 -0.140866
1665024743.401187 -18.265639 -30.502717 19.188170 -0.246236 0.927407 0.245669 -0.137588
1665024744.401187 -17.888521 -30.882000 20.033112 -0.252270 0.923617 0.254629 -0.135849
1665024745.400835 -17.528045 -31.276678 20.878267 -0.250788 0.924227 0.253663 -0.136251
1665024746.400770 -17.145504 -31.680446 21.709310 -0.257167 0.920777 0.259666 -0.136413
1665024747.400771 -16.775352 -32.094958 22.540675 -0.255175 0.928020 0.234936 -0.135905
1665024748.400771 -16.428725 -32.461382 23.404147 -0.251881 0.931647 0.229025 -0.127036
1665024749.400771 -16.085779 -32.805232 24.278306 -0.250036 0.931860 0.238580 -0.110443
1665024750.400771 -15.758972 -33.186821 25.142938 -0.254942 0.925824 0.255889 -0.111248
1665024751.400771 -15.432834 -33.594139 25.996006 -0.253111 0.928331 0.249044 -0.110063
1665024752.400771 -15.101265 -33.992058 26.851414 -0.254378 0.928172 0.248030 -0.110773
1665024753.400771 -14.776082 -34.395544 27.706666 -0.247381 0.927529 0.253978 -0.118274
1665024754.400771 -14.437874 -34.824706 28.544183 -0.237208 0.929910 0.253065 -0.122302
1665024755.400771 -14.083087 -35.215241 29.393658 -0.246945 0.929590 0.247449 -0.116833
1665024756.400771 -13.758769 -35.627899 30.244852 -0.234042 0.933711 0.246766 -0.111870
1665024757.400812 -13.424242 -36.009445 31.106545 -0.242123 0.936853 0.228648 -0.106783
1665024758.401011 -13.104665 -36.386191 31.975989 -0.250384 0.929632 0.248502 -0.106484
1665024759.401092 -12.794796 -36.795648 32.834084 -0.243811 0.930262 0.253136 -0.105311
1665024760.401092 -12.487265 -37.209916 33.690709 -0.239995 0.932913 0.250361 -0.096932
1665024761.401092 -12.194622 -37.634445 34.547526 -0.238187 0.931987 0.255627 -0.096551
1665024762.401092 -11.882985 -38.069271 35.392398 -0.239802 0.932920 0.251969 -0.093092
1665024763.401409 -11.631248 -38.500240 36.258939 -0.232164 0.935261 0.259608 -0.063177
1665024764.401515 -11.395280 -38.960695 37.114685 -0.232040 0.935484 0.257232 -0.069702
1665024765.401531 -11.147808 -39.389621 37.983466 -0.234557 0.936180 0.251022 -0.074414
1665024766.401531 -10.895210 -39.813907 38.853049 -0.238302 0.934899 0.253678 -0.069451
1665024767.401531 -10.637035 -40.244470 39.717896 -0.234625 0.935016 0.257577 -0.065952
1665024768.401476 -10.450387 -40.715264 40.580170 -0.224123 0.933619 0.279456 -0.005441
1665024769.401173 -10.341648 -41.221909 41.435440 -0.214278 0.935075 0.281071 0.026817
1665024770.401270 -10.260754 -41.741137 42.286239 -0.218351 0.935033 0.277355 0.033332
1665024771.401488 -10.094207 -42.206479 43.155560 -0.251346 0.930540 0.260267 -0.056405
1665024772.401801 -9.763498 -42.437412 44.070601 -0.300058 0.900235 0.203715 -0.240921
1665024773.401653 -9.210718 -42.630920 44.881150 -0.328777 0.854631 0.153235 -0.371524
1665024774.401653 -8.420563 -42.565435 45.490549 -0.340064 0.810051 0.088305 -0.469442
1665024775.401653 -7.711519 -42.470393 46.189279 0.341587 -0.786916 -0.071768 0.508853
1665024776.401653 -6.867633 -42.255483 46.680878 0.338747 -0.785345 -0.064553 0.514117
1665024777.401653 -6.018122 -41.990366 47.136998 0.337917 -0.781689 -0.057351 0.521043
1665024778.401653 -5.167068 -41.717296 47.585483 0.339315 -0.777466 -0.054197 0.526760
1665024779.401653 -4.311195 -41.434993 48.018827 0.340083 -0.775215 -0.053215 0.529673
1665024780.401653 -3.477052 -41.221890 48.527544 -0.330648 0.842505 0.099539 -0.413460
1665024781.401653 -2.753956 -41.157544 49.215288 -0.319510 0.869328 0.120828 -0.357187
1665024782.401653 -2.059390 -41.122778 49.933876 -0.320212 0.885829 0.136851 -0.306665
1665024783.401653 -1.519874 -41.273226 50.762301 -0.291020 0.927152 0.191951 -0.137302
1665024784.401653 -1.180256 -41.567558 51.655625 -0.271622 0.935360 0.221177 -0.049037
1665024785.401653 -0.998246 -41.983009 52.546845 -0.256930 0.938882 0.228732 -0.012994
1665024786.401653 -0.857424 -42.416047 53.437153 -0.248652 0.934894 0.249810 0.041718
1665024787.401653 -0.846767 -42.919761 54.300957 -0.228111 0.928694 0.263514 0.126702
1665024788.401653 -0.985210 -43.470737 55.123915 -0.223465 0.926726 0.267826 0.139685
1665024789.401653 -1.139992 -44.024147 55.942316 -0.215193 0.923111 0.266367 0.174947
1665024790.401653 -1.384855 -44.593572 56.727043 -0.200720 0.918436 0.271039 0.206701
1665024791.401653 -1.657963 -45.168264 57.498497 -0.197347 0.918157 0.272304 0.209507
1665024792.401653 -1.936533 -45.745255 58.266273 -0.197700 0.917297 0.275275 0.209058
1665024793.401653 -2.208383 -46.319780 59.038296 -0.202206 0.916306 0.276220 0.207844
1665024794.401653 -2.509288 -46.910207 59.787196 -0.195243 0.917090 0.279610 0.206506
1665024795.401653 -2.782213 -47.506020 60.542523 -0.192507 0.918052 0.282214 0.201189
1665024796.401653 -3.022460 -48.079511 61.325715 -0.200465 0.922779 0.275279 0.180316
1665024797.401653 -3.242111 -48.642101 62.122738 -0.222537 0.934755 0.256593 0.104258
1665024798.401653 -3.305326 -49.154412 62.979208 -0.235464 0.937977 0.240389 0.083481
1665024799.401383 -3.334677 -49.613181 63.867279 -0.239799 0.945820 0.217628 0.023664
1665024800.401282 -3.262279 -50.048271 64.764750 -0.249636 0.944137 0.213586 -0.025854
1665024801.401257 -3.098391 -50.420227 65.678419 -0.254629 0.943471 0.208813 -0.037732
1665024802.401257 -2.765316 -50.698774 66.579236 -0.280393 0.932547 0.188016 -0.128006
1665024803.401257 -2.505681 -51.054519 67.477031 -0.296103 0.911757 0.163577 -0.232947
1665024804.401257 -2.027393 -51.199890 68.343119 -0.314704 0.883506 0.143349 -0.315958
1665024805.401257 -1.359722 -51.203405 69.087567 -0.333127 0.835478 0.116196 -0.421309
1665024806.401554 -0.534885 -51.059846 69.634407 0.344605 -0.763839 -0.071457 0.541009
1665024807.401561 0.343413 -50.785081 70.025684 0.336362 -0.718374 -0.033432 0.608014
1665024808.401502 1.240309 -50.439364 70.301468 0.323734 -0.718212 -0.027904 0.615296
1665024809.401502 2.137875 -50.044713 70.498000 0.340247 -0.694724 -0.019212 0.633420
1665024810.401502 3.028464 -49.630204 70.685177 0.347016 -0.659826 0.004823 0.666473
1665024811.401502 3.894794 -49.144389 70.801171 0.346913 -0.642487 0.017576 0.683047
1665024812.401502 4.753519 -48.640619 70.895017 0.335654 -0.641138 0.008949 0.690071
1665024813.401502 5.638727 -48.178958 70.952247 0.334377 -0.648888 0.000196 0.683474
1665024814.401502 6.518511 -47.710803 71.034783 0.347234 -0.666435 -0.010891 0.659678
1665024815.401502 7.408966 -47.270064 71.148093 0.354502 -0.667970 -0.007636 0.654283
1665024816.401911 8.290132 -46.822787 71.301359 0.348775 -0.671464 -0.006944 0.653792
1665024817.402274 9.151356 -46.338260 71.454739 0.394246 -0.668499 0.013701 0.630469
1665024818.402372 9.994951 -45.842989 71.662234 0.366629 -0.678509 0.004394 0.636545
1665024819.402372 10.848942 -45.361542 71.859487 0.350933 -0.684795 -0.003544 0.638663
1665024820.402372 11.727397 -44.939926 72.084334 0.347877 -0.707104 -0.035470 0.614595
1665024821.402372 12.610069 -44.541894 72.334257 0.355075 -0.733456 -0.052498 0.577242
1665024822.402500 13.482780 -44.209541 72.691912 0.349934 -0.738078 -0.039354 0.575533
1665024823.402500 14.363994 -43.884080 73.034750 0.330182 -0.738356 -0.052589 0.585699
1665024824.402500 15.240508 -43.584916 73.411874 0.340094 -0.769950 -0.037845 0.538591
1665024825.402500 16.084151 -43.306670 73.871053 -0.348485 0.795471 0.057825 -0.492383
1665024826.402281 16.898342 -43.074134 74.403050 -0.339179 0.799957 0.070738 -0.489922
1665024827.401928 17.706076 -42.878389 74.959152 -0.333783 0.818862 0.071143 -0.461511
1665024828.401991 18.494352 -42.656352 75.533016 -0.348484 0.821489 0.051722 -0.448374
1665024829.401991 19.269221 -42.423363 76.120634 -0.350843 0.818945 0.072582 -0.448296
1665024830.401991 20.048142 -42.235686 76.719014 -0.346366 0.821411 0.067785 -0.448018
1665024831.401991 20.827462 -42.028173 77.310283 -0.345866 0.818440 0.077858 -0.452185
1665024832.401991 21.581020 -41.896118 77.954264 -0.324602 0.866854 0.117897 -0.359580
1665024833.401991 22.282499 -41.875648 78.666660 -0.322805 0.867948 0.128174 -0.355015
1665024834.401991 22.969973 -41.872314 79.392862 -0.317550 0.869896 0.131672 -0.353702
1665024835.401991 23.587158 -41.965809 80.174105 -0.299556 0.906151 0.166034 -0.248173
1665024836.401991 24.076157 -42.167451 81.022763 -0.280369 0.928645 0.187704 -0.154204
1665024837.401991 24.477332 -42.420346 81.903163 -0.284424 0.923815 0.205027 -0.153731
1665024838.401991 24.885865 -42.711179 82.768331 -0.286314 0.923582 0.207616 -0.148039
1665024839.401968 25.238426 -43.025774 83.649654 -0.277219 0.932208 0.195412 -0.126303
1665024840.401451 25.581484 -43.319658 84.541811 -0.276922 0.934013 0.195623 -0.112537
1665024841.401217 25.906254 -43.621112 85.438276 -0.273782 0.934948 0.203395 -0.097705
1665024842.401217 26.193765 -43.974215 86.328589 -0.266221 0.934598 0.215252 -0.096537
1665024843.401217 26.644932 -44.228235 87.184113 -0.291724 0.917128 0.174649 -0.208019
1665024844.401217 27.197581 -44.366659 88.005951 -0.310452 0.879138 0.132963 -0.336240
1665024845.401217 27.859909 -44.377484 88.755086 -0.314666 0.842335 0.104463 -0.424906
1665024846.401217 28.708984 -44.122846 89.217938 0.328494 -0.752993 -0.053773 0.567629
1665024847.401217 29.600122 -43.836840 89.570180 0.333072 -0.687890 -0.005873 0.644853
1665024848.401217 30.477636 -43.388065 89.739207 0.334805 -0.672967 0.006697 0.659527
1665024849.401593 31.340227 -42.891808 89.837522 0.334275 -0.626426 0.030467 0.703507
1665024850.401664 32.193753 -42.370766 89.834428 0.324870 -0.596284 0.038330 0.733100
1665024851.401666 33.041301 -41.846345 89.752918 0.329939 -0.587148 0.041460 0.738024
1665024852.401666 33.872750 -41.300334 89.650132 0.331265 -0.579755 0.047566 0.742890
1665024853.401666 34.681963 -40.735806 89.487400 0.322976 -0.546425 0.060543 0.770351
1665024854.401666 35.482601 -40.166579 89.300422 0.325821 -0.529516 0.069421 0.780150
1665024855.401666 36.246412 -39.566712 89.062195 0.334323 -0.525956 0.067871 0.779097
1665024856.401666 37.030913 -38.983664 88.850980 0.329392 -0.528965 0.069976 0.778974
1665024857.401666 37.829387 -38.415713 88.651299 0.333777 -0.580162 0.046113 0.741538
1665024858.401666 38.662198 -37.870623 88.554853 0.323527 -0.585517 0.040919 0.742177
1665024859.401666 39.525393 -37.368141 88.505802 0.326660 -0.659017 0.006223 0.677459
1665024860.401209 40.412346 -36.918654 88.611992 0.322809 -0.667575 0.011790 0.670819
1665024861.400977 41.286523 -36.443678 88.713042 0.330907 -0.661211 0.012559 0.673159
1665024862.400949 42.172294 -36.006220 88.868093 0.333965 -0.688723 0.000591 0.643527
1665024863.400949 43.046300 -35.567756 89.077526 0.330093 -0.706834 -0.015796 0.625440
1665024864.400949 43.924667 -35.219757 89.405198 0.333779 -0.788159 -0.061164 0.513474
1665024865.400949 44.758074 -34.996790 89.910885 -0.334107 0.810487 0.081521 -0.474170
1665024866.400949 45.557302 -34.854344 90.494788 -0.324394 0.848870 0.119580 -0.399861
1665024867.400949 46.309394 -34.824004 91.153148 -0.312468 0.860933 0.136504 -0.377526
1665024868.400949 47.029697 -34.838651 91.846652 -0.304745 0.865696 0.142072 -0.370832
1665024869.401250 47.758261 -34.857030 92.531384 -0.306252 0.869257 0.136846 -0.363146
1665024870.401335 48.446284 -34.899521 93.255828 -0.294023 0.880849 0.154413 -0.337359
1665024871.401350 49.142886 -34.969369 93.969877 -0.290662 0.886429 0.164854 -0.320285
1665024872.401350 49.815049 -35.048387 94.706051 -0.299818 0.882548 0.156739 -0.326575
1665024873.401350 50.479545 -35.106905 95.451049 -0.311159 0.877497 0.133723 -0.339553
1665024874.401350 51.200753 -35.086388 96.143463 -0.321546 0.854195 0.111466 -0.393109
1665024875.401350 51.975782 -34.973526 96.765229 -0.317326 0.810840 0.096689 -0.482176
1665024876.401350 52.829660 -34.805202 97.257733 0.322343 -0.796039 -0.080328 0.505929
1665024877.401350 53.687001 -34.601855 97.730613 0.316283 -0.751070 -0.057590 0.576665
1665024878.401350 54.596102 -34.278159 97.992828 0.321151 -0.684145 -0.026356 0.654303
1665024879.401316 55.491933 -33.843375 98.084750 0.334028 -0.633132 -0.003773 0.698251
1665024880.401080 56.365821 -33.357265 98.080635 0.339567 -0.580703 0.018666 0.739682
1665024881.400963 57.206956 -32.830771 97.956958 0.324286 -0.468450 0.064822 0.819263
1665024882.400963 57.873980 -32.222154 97.527233 0.322418 -0.401668 0.087472 0.852677
1665024883.400963 58.473155 -31.584186 97.043512 0.327947 -0.356284 0.102799 0.868876
1665024884.400963 59.012405 -30.917867 96.528508 0.332522 -0.336920 0.107798 0.874239
1665024885.400963 59.516807 -30.244799 95.987622 0.330514 -0.342431 0.100560 0.873721
1665024886.400963 60.042701 -29.603648 95.428729 0.331346 -0.340059 0.099460 0.874458
1665024887.400963 60.570090 -28.948588 94.887659 0.322430 -0.347523 0.093093 0.875557
1665024888.400963 61.110766 -28.306824 94.343777 0.330261 -0.349289 0.099564 0.871213
1665024889.400963 61.617484 -27.641772 93.795194 0.340463 -0.320757 0.114571 0.876398
1665024890.400963 62.095578 -26.955073 93.247590 0.334792 -0.297418 0.129108 0.884753
1665024891.400963 62.509763 -26.282943 92.633837 0.335289 -0.261813 0.144421 0.893408
1665024892.400963 62.832563 -25.608791 91.969519 0.326447 -0.203912 0.172519 0.906691
1665024893.400963 62.993666 -24.965817 91.220766 0.289284 -0.067632 0.216037 0.930091
1665024894.400758 62.903463 -24.433824 90.378836 0.253184 0.018122 0.239426 0.937147
1665024895.400755 62.742877 -23.957296 89.514467 0.255559 0.048385 0.243399 0.934401
1665024896.400754 62.516043 -23.502420 88.653285 0.248218 0.045509 0.240438 0.937287
1665024897.400754 62.311035 -23.063202 87.778609 0.246265 0.041025 0.243137 0.937313
1665024898.400754 62.065398 -22.637281 86.907831 0.240180 0.075605 0.252422 0.934281
1665024899.400754 61.755639 -22.276278 86.028214 0.231394 0.113039 0.254921 0.932038
1665024900.400754 61.409935 -21.907186 85.165509 0.232989 0.129161 0.262433 0.927450
1665024901.400754 61.048403 -21.535379 84.310492 0.239970 0.125266 0.254485 0.928418
1665024902.401018 60.741337 -21.134630 83.447294 0.246455 0.067566 0.244697 0.935317
1665024903.401181 60.505786 -20.699626 82.578221 0.238994 0.054523 0.244865 0.938057
1665024904.401235 60.307439 -20.260259 81.702085 0.242657 0.049766 0.250870 0.935791
1665024905.401235 60.080746 -19.822209 80.832187 0.241782 0.056894 0.254512 0.934627
1665024906.401235 59.840795 -19.410981 79.952804 0.229458 0.067321 0.260372 0.935427
1665024907.401235 59.603574 -19.009782 79.068063 0.227730 0.074854 0.267487 0.933267
1665024908.401235 59.386451 -18.609956 78.177559 0.213316 0.036180 0.259849 0.941098
1665024909.401235 59.201334 -18.204638 77.282323 0.238266 0.035012 0.257841 0.935693
1665024910.400881 59.036127 -17.745796 76.409298 0.254726 0.031282 0.268943 0.928335
1665024911.400644 58.812733 -17.269991 75.558591 0.269481 0.039116 0.260903 0.926164
1665024912.400631 58.590392 -16.801742 74.703425 0.259855 0.042243 0.253244 0.930891
1665024913.400631 58.433495 -16.336440 73.832289 0.236378 0.032373 0.262689 0.934918
1665024914.400631 58.267425 -15.910873 72.942732 0.243357 0.032822 0.274693 0.929647
1665024915.400631 58.063396 -15.463387 72.072026 0.265989 0.028691 0.266776 0.925882
1665024916.400631 57.852402 -14.980357 71.222224 0.279272 0.002701 0.256302 0.925370
1665024917.400631 57.699556 -14.499478 70.358862 0.283720 -0.035262 0.242287 0.927123
1665024918.400631 57.654995 -13.926567 69.540457 0.261615 0.019998 0.256483 0.930255
1665024919.400631 57.524413 -13.462665 68.664247 0.227945 0.027091 0.274203 0.933873
1665024920.400818 57.388423 -13.029773 67.773118 0.271856 0.005488 0.257997 0.927093
1665024921.400801 57.302775 -12.494982 66.932486 0.312726 -0.129471 0.209951 0.917257
1665024922.400781 57.424568 -11.863348 66.166845 0.308247 -0.139631 0.208483 0.917618
1665024923.400781 57.541722 -11.235359 65.397492 0.276227 -0.063852 0.233689 0.930060
1665024924.400781 57.516243 -10.688896 64.560396 0.271149 -0.047309 0.240691 0.930757
1665024925.400781 57.444945 -10.156147 63.717132 0.271424 -0.032509 0.237161 0.932216
1665024926.401152 57.366421 -9.634945 62.867319 0.273244 -0.010317 0.233472 0.933125
1665024927.401370 57.251108 -9.131486 62.011029 0.261161 0.014214 0.239285 0.935059
1665024928.401376 57.095805 -8.653741 61.146366 0.265157 0.026595 0.243748 0.932508
1665024929.401376 56.912458 -8.165553 60.293104 0.268888 0.028969 0.241218 0.932027
1665024930.402153 56.708348 -7.676349 59.445155 0.278387 0.028900 0.235858 0.930611
1665024931.402500 56.542753 -7.142521 58.615935 0.275122 0.018501 0.242454 0.930151
1665024932.402500 56.363182 -6.625542 57.778984 0.271514 0.022662 0.244159 0.930674
1665024933.402500 56.195865 -6.126465 56.928732 0.267218 0.024646 0.252252 0.929708
1665024934.402500 56.004015 -5.644410 56.073854 0.262826 0.033348 0.249458 0.931440
1665024935.402500 55.820468 -5.166500 55.214836 0.261704 0.023790 0.246510 0.932833
1665024936.402500 55.642559 -4.697583 54.349697 0.257468 0.023878 0.241483 0.935321
1665024937.402500 55.485995 -4.219861 53.485250 0.256378 0.021555 0.246494 0.934370
1665024938.402500 55.282442 -3.757025 52.622493 0.251525 0.052539 0.253672 0.932537
1665024939.402500 55.031827 -3.317224 51.760073 0.236799 0.092159 0.260035 0.931566
1665024940.402500 54.744423 -2.932105 50.883100 0.204346 0.086157 0.263908 0.938708
1665024941.402500 54.466813 -2.580426 49.989090 0.201943 0.092012 0.270341 0.936840
1665024942.402500 54.178794 -2.259682 49.086777 0.202813 0.110597 0.271000 0.934449
1665024943.402114 53.867512 -1.912918 48.201984 0.174373 0.084285 0.266881 0.944068
1665024944.402088 53.594655 -1.491913 47.336939 0.342377 0.109995 0.273901 0.891996
1665024945.402176 53.220294 -0.937309 46.593791 0.329142 0.110004 0.276399 0.896197
1665024946.402176 52.791717 -0.431314 45.845265 0.286056 0.126723 0.270411 0.910489
1665024947.402176 52.367208 -0.016978 45.040208 0.238539 0.123719 0.260218 0.927405
1665024948.402176 52.018452 0.391915 44.196895 0.248419 0.110965 0.268980 0.923918
1665024949.402176 51.693360 0.816767 43.352019 0.233599 0.112746 0.282875 0.923418
1665024950.402500 51.360118 1.198624 42.489966 0.239166 0.123689 0.292145 0.917688
1665024951.402500 51.001504 1.586648 41.640947 0.234571 0.115058 0.289540 0.920817
1665024952.402500 50.670334 1.991997 40.788880 0.259316 0.083387 0.276947 0.921467
1665024953.402500 50.392471 2.457123 39.948374 0.296063 0.028620 0.264994 0.917227
1665024954.402500 50.167943 2.983680 39.128420 0.283985 0.059300 0.271389 0.917706
1665024955.402500 49.901159 3.479027 38.301705 0.286179 0.055438 0.266898 0.918582
1665024956.402500 49.637151 3.972290 37.472856 0.285874 0.032244 0.252779 0.923764
1665024957.402500 49.454939 4.492085 36.638223 0.291271 0.004157 0.241067 0.925759
1665024958.402500 49.334827 5.059133 35.823342 0.299236 -0.019575 0.231374 0.925495
1665024959.402500 49.273987 5.637568 35.009886 0.302976 -0.066901 0.215720 0.925848
1665024960.401903 49.276447 6.242476 34.213594 0.308117 -0.076090 0.220456 0.922320
1665024961.401545 49.336383 6.870810 33.437963 0.318488 -0.106271 0.212000 0.917784
1665024962.401525 49.348290 7.500174 32.660944 0.335232 -0.114968 0.193917 0.914767
1665024963.401525 49.418165 8.158142 31.911146 0.337717 -0.122518 0.183485 0.915025
1665024964.401375 49.505819 8.817370 31.164330 0.339512 -0.136447 0.170251 0.914947
1665024965.401118 49.661041 9.486840 30.437889 0.329087 -0.144915 0.179445 0.915697
1665024966.401074 49.757927 10.164061 29.708516 0.355632 -0.141796 0.155391 0.910644
1665024967.401074 49.949454 10.858838 29.015261 0.338001 -0.150465 0.155014 0.916017
1665024968.401074 50.152401 11.522128 28.294943 0.334036 -0.158868 0.164979 0.914310
1665024969.401074 50.325108 12.177190 27.559371 0.334717 -0.152804 0.171408 0.913912
1665024970.401074 50.453293 12.832325 26.814813 0.337475 -0.118741 0.172004 0.917837
1665024971.401074 50.550764 13.523156 26.098397 0.347871 -0.110608 0.169037 0.915521
1665024972.401074 50.621691 14.204263 25.369656 0.340461 -0.106840 0.171131 0.918360
1665024973.401074 50.728597 14.880128 24.640425 0.325309 -0.127333 0.179274 0.919685
1665024974.401074 50.856792 15.534958 23.895601 0.335965 -0.151750 0.180066 0.911962
1665024975.401074 50.994806 16.200063 23.161715 0.332817 -0.157224 0.168047 0.914480
1665024976.401074 51.175804 16.864942 22.437025 0.335309 -0.159325 0.169095 0.913011
1665024977.401074 51.340357 17.532603 21.710974 0.345835 -0.151004 0.164892 0.911267
1665024978.401074 51.499906 18.224089 21.006424 0.344644 -0.147906 0.171622 0.910983
1665024979.401074 51.635859 18.929352 20.310635 0.351416 -0.144887 0.171356 0.908929
1665024980.401074 51.773851 19.626462 19.607076 0.347759 -0.168552 0.164554 0.907511
1665024981.401074 51.971550 20.314383 18.908735 0.359368 -0.191846 0.153565 0.900260
1665024982.400846 52.248643 21.030178 18.267754 0.366745 -0.219008 0.150003 0.891646
1665024983.400785 52.531073 21.744040 17.626946 0.364080 -0.247470 0.133974 0.887837
1665024984.400782 52.986080 22.468238 17.108772 0.385383 -0.353059 0.112466 0.845092
1665024985.400782 53.431688 23.255244 16.682093 0.461186 -0.437186 0.022432 0.771798
1665024986.400639 54.100230 23.976843 16.502242 0.393603 -0.514987 -0.072755 0.758005
1665024987.400649 54.966886 24.464875 16.398642 0.382371 -0.623545 -0.129769 0.669436
1665024988.400658 55.905097 24.796456 16.497707 0.375260 -0.649984 -0.143087 0.645156
1665024989.400658 56.844990 25.123033 16.597449 0.373556 -0.664139 -0.150984 0.629745
1665024990.400658 57.792399 25.420713 16.714935 0.373977 -0.656684 -0.152922 0.636806
1665024991.400496 58.738604 25.722816 16.830827 0.379337 -0.650722 -0.147331 0.641060
1665024992.400427 59.683583 26.009860 16.987732 0.377220 -0.656217 -0.150668 0.635912
1665024993.400420 60.634360 26.281591 17.136683 0.369505 -0.680554 -0.168433 0.609871
1665024994.400420 61.583425 26.494402 17.369032 0.368616 -0.686263 -0.166704 0.604462
1665024995.400420 62.533830 26.729041 17.573180 0.368669 -0.686590 -0.167114 0.603946
1665024996.400420 63.483138 26.947015 17.799675 0.369092 -0.686892 -0.167289 0.603295
1665024997.400420 64.429705 27.167166 18.035355 0.370203 -0.685611 -0.166472 0.604297
1665024998.400420 65.378707 27.383316 18.264863 0.371547 -0.686007 -0.164443 0.603578
1665024999.400420 66.325915 27.623613 18.477126 0.371816 -0.685145 -0.164963 0.604248
1665025000.400420 67.270924 27.874206 18.687271 0.375446 -0.682720 -0.161436 0.605700
1665025001.400420 68.220469 28.105487 18.899103 0.375782 -0.680464 -0.158989 0.608670
1665025002.400420 69.158683 28.426642 19.028001 0.392678 -0.605971 -0.118097 0.681657
1665025003.400420 70.079951 28.810611 19.089905 0.394760 -0.568507 -0.087769 0.716422
1665025004.400420 70.964658 29.275322 19.053339 0.394285 -0.558667 -0.077072 0.725596
1665025005.400540 71.823858 29.781074 18.975938 0.398394 -0.544907 -0.066626 0.734793
1665025006.400959 72.629229 30.357536 18.837850 0.401683 -0.438840 -0.014575 0.803653
1665025007.401331 73.337653 30.995894 18.536792 0.400172 -0.315083 0.068706 0.857825
1665025008.401331 73.577988 31.788685 17.976683 0.364616 -0.240149 0.069055 0.897003
1665025009.400933 74.147587 32.395153 17.421928 0.340879 -0.081062 0.132343 0.927209
1665025010.400894 74.233207 33.069441 16.688440 0.362091 -0.025381 0.158831 0.918161
1665025011.400916 74.037995 33.715902 15.950890 0.337633 0.071793 0.202046 0.916530
1665025012.400916 73.763721 34.305911 15.191506 0.319369 0.134715 0.230631 0.909211
1665025013.400916 73.331618 34.808107 14.442450 0.302408 0.173239 0.244427 0.904872
1665025014.400916 72.878518 35.277535 13.684599 0.296892 0.194274 0.249596 0.901007
1665025015.400916 72.282230 35.653978 12.975563 0.275808 0.256655 0.270062 0.886072
1665025016.400916 71.673049 36.023189 12.273722 0.267395 0.268001 0.273113 0.884355
1665025017.400916 71.055470 36.361053 11.563480 0.268081 0.266134 0.270752 0.885437
1665025018.400916 70.433078 36.689718 10.853122 0.265309 0.266113 0.269641 0.886617
1665025019.400916 69.828171 37.026799 10.131690 0.268432 0.266147 0.272539 0.884778
1665025020.400916 69.195250 37.362564 9.434071 0.269087 0.269773 0.271212 0.883889
1665025021.400916 68.574295 37.692418 8.723008 0.267147 0.269945 0.271908 0.884211
1665025022.400916 67.919152 38.013438 8.039097 0.254359 0.323628 0.284932 0.865668
1665025023.400916 67.208065 38.272457 7.385441 0.248077 0.344278 0.292867 0.856831
1665025024.400916 66.461189 38.488592 6.756584 0.234797 0.386287 0.303766 0.838677
1665025025.400916 65.663851 38.632955 6.170570 0.214631 0.428503 0.317962 0.818058
1665025026.400916 64.811972 38.709423 5.652445 0.213914 0.442814 0.317475 0.810781
1665025027.400916 63.956619 38.769132 5.137851 0.202595 0.446121 0.321090 0.810452
1665025028.400916 63.109062 38.819747 4.609566 0.196146 0.437579 0.323128 0.815867
1665025029.400916 62.300945 38.909995 4.027499 0.234610 0.355084 0.305611 0.851749
1665025030.400916 61.570178 39.120488 3.378136 0.249745 0.320479 0.296901 0.864159
1665025031.400916 60.920202 39.428582 2.683435 0.271015 0.243040 0.275497 0.889710
1665025032.400916 60.361222 39.797350 1.940771 0.282054 0.183712 0.261338 0.904654
1665025033.401121 59.912426 40.245831 1.167823 0.297119 0.125168 0.247240 0.913743
1665025034.401456 59.624063 40.779645 0.372909 0.324640 0.018220 0.210474 0.921942
1665025035.401607 59.449148 41.378756 -0.408418 0.338416 -0.003278 0.194223 0.920729
1665025036.401607 59.341759 42.016918 -1.170793 0.349635 -0.021926 0.190674 0.917016
1665025037.401607 59.247700 42.675117 -1.917738 0.355708 -0.031821 0.187063 0.915132
1665025038.401607 59.153035 43.334277 -2.663759 0.344051 0.034041 0.203859 0.915921
1665025039.401607 58.951118 43.947107 -3.427741 0.342717 0.043476 0.208844 0.914898
1665025040.401607 58.748030 44.564148 -4.188015 0.343958 0.038403 0.209060 0.914610
1665025041.401607 58.561819 45.198037 -4.938688 0.364467 -0.037562 0.183012 0.912283
1665025042.401607 58.479997 45.891117 -5.654889 0.365272 -0.041816 0.179876 0.912399
1665025043.401607 58.430198 46.582775 -6.375396 0.367160 -0.043549 0.179710 0.911593
1665025044.401607 58.342326 47.262165 -7.103893 0.359033 -0.012676 0.191323 0.913417
1665025045.401662 58.219376 47.933472 -7.834803 0.363418 0.004783 0.199619 0.909976
1665025046.401932 58.061287 48.597432 -8.565669 0.366142 0.014303 0.210087 0.906421
1665025047.401802 57.783536 49.217699 -9.299238 0.345228 0.089883 0.241887 0.902347
1665025048.401802 57.444348 49.778967 -10.054175 0.324824 0.139216 0.267672 0.896359
1665025049.401802 57.171008 50.336757 -10.837856 0.320252 0.073190 0.283290 0.901015
1665025050.401802 56.770629 50.843598 -11.601275 0.345561 0.092834 0.250449 0.899580
1665025051.401802 56.397639 51.406846 -12.338587 0.322660 0.160725 0.275226 0.891240
1665025052.401802 55.898473 51.870229 -13.070783 0.301317 0.220125 0.297367 0.878821
1665025053.401802 55.317820 52.261709 -13.784636 0.293654 0.246327 0.306334 0.871349
1665025054.401802 54.686928 52.608553 -14.478663 0.281943 0.279664 0.319326 0.860423
1665025055.401412 53.999077 52.902817 -15.142191 0.270309 0.316373 0.326966 0.848489
1665025056.401299 53.272160 53.141594 -15.786067 0.255873 0.355056 0.344571 0.830503
1665025057.400884 52.494482 53.336155 -16.383867 0.254396 0.365614 0.349480 0.824301
1665025058.400680 51.710176 53.497934 -16.982775 0.252197 0.383147 0.340441 0.820789
1665025059.400672 50.906225 53.651205 -17.557380 0.247374 0.388710 0.342386 0.818830
1665025060.400672 50.098666 53.751432 -18.138588 0.227686 0.416051 0.360354 0.803247
1665025061.400672 49.255298 53.754196 -18.675917 0.185955 0.482708 0.389530 0.762024
1665025062.400672 48.372709 53.653672 -19.135190 0.166182 0.506050 0.398603 0.746601
1665025063.400672 47.485075 53.494255 -19.567269 0.155659 0.511574 0.404339 0.742006
1665025064.400672 46.588959 53.334166 -19.981210 0.149519 0.518297 0.401296 0.740252
1665025065.400672 45.724899 53.258308 -20.478850 0.210374 0.425680 0.374721 0.796319
1665025066.400672 44.898238 53.297118 -21.040211 0.260156 0.332749 0.351500 0.835491
1665025067.400672 44.169153 53.490280 -21.696811 0.243019 0.314335 0.345335 0.850223
1665025068.400672 43.478519 53.682820 -22.393914 0.246906 0.323827 0.356453 0.840901
1665025069.400672 42.741033 53.835627 -23.051763 0.221446 0.381983 0.372124 0.816440
1665025070.400672 41.924468 53.884057 -23.626981 0.203028 0.432497 0.379209 0.792418
1665025071.400672 41.074269 53.876703 -24.153391 0.188500 0.464290 0.381896 0.776568
1665025072.400672 40.206815 53.825659 -24.648283 0.179571 0.482415 0.388651 0.764186
1665025073.400672 39.313709 53.694601 -25.078616 0.150783 0.535600 0.398293 0.729219
1665025074.400923 38.411736 53.462178 -25.442516 0.127071 0.574779 0.412888 0.694986
1665025075.401029 37.508194 53.140896 -25.726047 0.110370 0.585277 0.410758 0.690323
1665025076.401068 36.606349 52.809233 -26.002950 0.108424 0.598845 0.405881 0.681828
1665025077.401068 35.693274 52.558423 -26.324490 0.144710 0.562250 0.405549 0.706020
1665025078.400775 34.785197 52.326549 -26.673246 0.172642 0.478200 0.385964 0.769774
1665025079.400756 33.934581 52.277787 -27.196768 0.198818 0.429039 0.374990 0.797358
1665025080.400786 33.125623 52.347705 -27.780461 0.264997 0.293974 0.338542 0.853666
1665025081.401119 32.577095 52.737680 -28.520080 0.322478 0.122812 0.281658 0.895318
1665025082.401163 32.238309 53.284574 -29.285672 0.360584 0.000800 0.229028 0.904171
1665025083.401163 32.067615 53.936324 -30.024648 0.369980 -0.052062 0.197168 0.906382
1665025084.401163 32.013440 54.629920 -30.742972 0.368437 -0.057094 0.197652 0.906603
1665025085.401163 31.935993 55.318029 -31.464435 0.367105 -0.032604 0.209266 0.905748
1665025086.401163 31.832673 56.006623 -32.182183 0.367954 -0.025986 0.205819 0.906407
1665025087.401163 31.754234 56.699533 -32.898928 0.367491 -0.086445 0.178540 0.908626
1665025088.401163 31.820565 57.424369 -33.584649 0.384002 -0.134100 0.176178 0.896393
1665025089.401163 31.946591 58.169236 -34.239851 0.390313 -0.176290 0.151918 0.890785
1665025090.401163 32.143134 58.927372 -34.861623 0.400796 -0.191035 0.142938 0.884555
1665025091.401009 32.326471 59.690005 -35.481929 0.395922 -0.159832 0.167156 0.888684
1665025092.400906 32.479086 60.446750 -36.117574 0.381172 -0.131467 0.183503 0.896522
1665025093.400917 32.450327 61.149011 -36.828913 0.356595 -0.005868 0.236268 0.903871
1665025094.400917 32.286825 61.793368 -37.575954 0.356760 0.011457 0.249290 0.900248
1665025095.400917 31.978206 62.377663 -38.326523 0.330387 0.092757 0.277675 0.897294
1665025096.400917 31.556225 62.872614 -39.086099 0.293271 0.209159 0.321030 0.875891
1665025097.400917 30.999436 63.261887 -39.819893 0.275208 0.243681 0.339467 0.865819
1665025098.400917 30.376398 63.550759 -40.546788 0.268237 0.255749 0.339970 0.864327
1665025099.400917 29.748620 63.850591 -41.265116 0.265393 0.275992 0.347739 0.855846
1665025100.400917 29.104357 64.133982 -41.975479 0.203463 0.395466 0.385223 0.808587
1665025101.400917 28.529740 64.486344 -42.714164 0.159799 0.482345 0.407486 0.758790
1665025102.400917 27.668119 64.322556 -43.194564 0.144314 0.487547 0.415195 0.754377
1665025103.400917 26.811302 64.124080 -43.670454 0.134774 0.500475 0.421282 0.744232
1665025104.400917 25.941663 63.894351 -44.107435 0.125136 0.535066 0.427916 0.717588
1665025105.400917 25.065535 63.590926 -44.482045 0.092474 0.562415 0.438696 0.694754
1665025106.400917 24.205097 63.186256 -44.791703 0.067432 0.594652 0.438534 0.670470
1665025107.400892 23.358386 62.725765 -45.058218 0.035939 0.604332 0.447288 0.658350
1665025108.400613 22.535263 62.219708 -45.315850 0.004664 0.635578 0.448303 0.628524
1665025109.400620 21.765919 61.603321 -45.483705 -0.044730 0.649459 0.463027 0.601504
1665025110.400801 21.035993 60.929166 -45.596505 -0.083749 0.666079 0.467168 0.575394
1665025111.401281 20.295661 60.257073 -45.610618 -0.033086 0.758699 0.372439 0.533451
1665025112.401354 19.521591 59.661459 -45.395999 -0.038930 0.809498 0.331599 0.482948
1665025113.401445 18.762611 59.073339 -45.116600 -0.063319 0.789185 0.390998 0.469361
1665025114.402012 18.065270 58.405648 -44.856017 -0.062142 0.793102 0.389427 0.464193
1665025115.402371 17.383290 57.718775 -44.604802 -0.074732 0.786703 0.411171 0.454370
1665025116.402371 16.710649 57.015819 -44.373701 -0.066969 0.772160 0.405645 0.484495
1665025117.402500 16.012537 56.322949 -44.193230 -0.060284 0.759218 0.409279 0.502438
1665025118.402500 15.292295 55.642852 -44.056408 -0.041612 0.738572 0.410562 0.533122
1665025119.402500 14.525106 55.006389 -43.976808 -0.031432 0.719190 0.412360 0.558334
1665025120.402500 13.738374 54.389984 -43.943680 -0.019283 0.710308 0.409214 0.572394
1665025121.402500 12.933405 53.796680 -43.939774 -0.013893 0.694802 0.410939 0.590073
1665025122.402500 12.119593 53.217349 -43.985438 0.002565 0.677000 0.409436 0.611577
1665025123.402500 11.284878 52.671722 -44.059880 0.005905 0.671133 0.410767 0.617103
1665025124.402500 10.443462 52.140652 -44.159799 0.010031 0.657347 0.414462 0.629298
1665025125.402500 9.600588 51.621650 -44.301927 0.016073 0.653745 0.415755 0.632065
1665025126.402500 8.755812 51.103291 -44.434810 0.020026 0.643770 0.410559 0.645445
1665025127.402500 7.897681 50.614859 -44.593068 0.023338 0.643681 0.413052 0.643831
1665025128.402500 7.037944 50.139458 -44.779740 0.037578 0.628112 0.409543 0.660559
1665025129.402500 6.171472 49.688180 -44.993221 0.046444 0.608740 0.407731 0.678995
1665025130.402500 5.300478 49.270685 -45.252194 0.058037 0.595932 0.407108 0.689753
1665025131.402500 4.425434 48.874894 -45.530847 0.070947 0.602101 0.399697 0.687520
1665025132.402500 3.538742 48.492622 -45.790935 0.066169 0.601420 0.400618 0.688055
1665025133.402500 2.652369 48.089623 -46.018826 0.049399 0.637061 0.404806 0.654099
1665025134.402500 1.790194 47.598005 -46.141165 0.015543 0.686905 0.409391 0.600266
1665025135.402500 0.968036 47.028751 -46.143308 -0.024293 0.744955 0.411517 0.524504
1665025136.402500 0.242250 46.359463 -45.984282 -0.067460 0.790020 0.414528 0.446637
1665025137.402009 -0.408263 45.654153 -45.702554 -0.080351 0.807821 0.418721 0.406990
1665025138.401523 -0.896678 44.905064 -45.254987 -0.123704 0.854976 0.402972 0.302203
1665025139.401365 -1.240591 44.141724 -44.708145 -0.172905 0.882280 0.389538 0.199865
1665025140.401285 -1.388989 43.411382 -44.041378 -0.189574 0.895083 0.377614 0.142462
1665025141.400988 -1.498588 42.684361 -43.363566 -0.210618 0.896813 0.376413 0.098385
1665025142.400931 -1.511765 41.977632 -42.656205 -0.217081 0.898064 0.373257 0.083883
1665025143.400931 -1.502204 41.270428 -41.949260 -0.220939 0.895876 0.375892 0.085425
1665025144.400931 -1.511826 40.562565 -41.242975 -0.209387 0.895079 0.377907 0.110354
1665025145.400931 -1.551015 39.846379 -40.546167 -0.208877 0.893019 0.380929 0.117391
1665025146.400931 -1.583634 39.128195 -39.851079 -0.220984 0.892502 0.378219 0.107505
1665025147.400931 -1.595629 38.415049 -39.150166 -0.232932 0.897686 0.366717 0.073627
1665025148.400931 -1.543253 37.719920 -38.433192 -0.237690 0.895371 0.371348 0.062565
1665025149.400931 -1.482810 37.028826 -37.712959 -0.229158 0.899476 0.365879 0.067541
1665025150.401086 -1.449864 36.339708 -36.989058 -0.221547 0.893584 0.377722 0.098748
1665025151.401798 -1.442774 35.627923 -36.286698 -0.223181 0.893953 0.375567 0.099943
1665025152.402396 -1.446485 34.925677 -35.574772 -0.221004 0.891202 0.378187 0.117862
1665025153.402500 -1.487063 34.205387 -34.882287 -0.218679 0.890096 0.382497 0.116636
1665025154.402500 -1.532977 33.480337 -34.195123 -0.218411 0.891767 0.378995 0.115804
1665025155.402500 -1.552213 32.767844 -33.493708 -0.229992 0.892249 0.375430 0.100235
1665025156.402500 -1.553177 32.054367 -32.793029 -0.236632 0.895378 0.369631 0.075335
1665025157.402500 -1.514794 31.351656 -32.082591 -0.238496 0.892934 0.374484 0.074498
1665025158.402500 -1.481226 30.647256 -31.373582 -0.231654 0.893528 0.375369 0.083920
1665025159.402500 -1.450753 29.946130 -30.661195 -0.234107 0.894414 0.372059 0.082398
1665025160.402500 -1.413098 29.252955 -29.941410 -0.237101 0.893402 0.374949 0.070916
1665025161.402500 -1.356758 28.565794 -29.217093 -0.238182 0.897406 0.366180 0.061991
1665025162.402500 -1.289405 27.881081 -28.491399 -0.239556 0.896942 0.366735 0.060113
1665025163.402500 -1.224054 27.204566 -27.757876 -0.238692 0.896907 0.367570 0.058961
1665025164.402500 -1.181150 26.524549 -27.025936 -0.234711 0.895169 0.369947 0.081986
1665025165.402500 -1.175016 25.823137 -26.313205 -0.226499 0.896391 0.370745 0.087919
1665025166.402500 -1.165606 25.130332 -25.592143 -0.229934 0.894520 0.372780 0.089434
1665025167.402500 -1.158311 24.419400 -24.888919 -0.228452 0.895998 0.371564 0.083291
1665025168.402124 -1.128775 23.728247 -24.166815 -0.236289 0.898233 0.364406 0.067481
1665025169.401337 -1.088464 23.034027 -23.448181 -0.232113 0.896279 0.370987 0.071937
1665025170.401168 -1.083706 22.327795 -22.740217 -0.220639 0.895426 0.374245 0.097323
1665025171.401168 -1.112482 21.623657 -22.030737 -0.212972 0.894995 0.372996 0.120420
1665025172.401168 -1.204123 20.907461 -21.338880 -0.198842 0.887135 0.387191 0.153415
1665025173.401168 -1.330096 20.161869 -20.684494 -0.168312 0.875414 0.399396 0.214021
1665025174.401168 -1.644740 19.398465 -20.120388 -0.130246 0.856191 0.407348 0.289896
1665025175.401168 -2.028037 18.628622 -19.610070 -0.090971 0.817549 0.423270 0.379711
1665025176.400964 -2.617562 17.884496 -19.295844 -0.058745 0.767563 0.432043 0.469824
1665025177.401031 -3.317366 17.187543 -19.139223 -0.014609 0.731966 0.434031 0.525004
1665025178.401077 -4.159673 16.661913 -19.258515 0.076443 0.604907 0.425992 0.668412
1665025179.401229 -5.037313 16.256171 -19.513706 0.115431 0.541480 0.418732 0.719819
1665025180.401426 -5.916747 15.963665 -19.889254 0.113948 0.539318 0.416183 0.723148
1665025181.401486 -6.803431 15.700204 -20.269228 0.118265 0.541505 0.413077 0.722601
1665025182.401486 -7.680192 15.407879 -20.651113 0.112974 0.545472 0.415100 0.719297
1665025183.401486 -8.560576 15.113856 -21.023233 0.103769 0.548623 0.418968 0.716038
1665025184.401486 -9.437871 14.795291 -21.382219 0.103222 0.557670 0.418243 0.709523
1665025185.401486 -10.318827 14.469322 -21.725236 0.099073 0.562623 0.420220 0.705021
1665025186.401486 -11.200841 14.140797 -22.063055 0.094284 0.567418 0.422737 0.700315
1665025187.401486 -12.081227 13.799694 -22.392554 0.092797 0.574605 0.424314 0.693668
1665025188.401486 -12.962514 13.446834 -22.706916 0.088590 0.580028 0.427406 0.687781
1665025189.401486 -13.841306 13.078691 -23.010552 0.090559 0.592346 0.426082 0.677776
1665025190.401486 -14.721341 12.632640 -23.173573 0.032873 0.674086 0.440943 0.591689
1665025191.401486 -15.509426 12.017073 -23.172939 -0.039002 0.767400 0.439905 0.464823
1665025192.401486 -16.326300 11.440368 -23.184258 -0.133784 0.846473 0.422314 0.295358
1665025193.401486 -16.666968 10.635862 -22.697724 -0.158462 0.860406 0.416941 0.246477
1665025194.401486 -16.879648 9.850717 -22.116075 -0.200278 0.851434 0.421439 0.239453
1665025195.401486 -17.093511 9.026011 -21.592509 -0.211070 0.867167 0.411332 0.185142
1665025196.401486 -17.246968 8.244085 -20.988321 -0.213769 0.879122 0.398704 0.149942
1665025197.401745 -17.459201 7.450127 -20.418596 -0.177583 0.859704 0.416544 0.236357
1665025198.402253 -17.739212 6.644726 -19.896174 -0.128073 0.813495 0.447452 0.348727
1665025199.402388 -18.143360 5.816346 -19.508294 -0.147021 0.831862 0.439566 0.305241
1665025200.402388 -18.505230 4.990864 -19.075131 -0.153039 0.846943 0.441565 0.253550
1665025201.402388 -18.744573 4.164934 -18.564687 -0.188053 0.857192 0.420418 0.230447
1665025202.401929 -19.004462 3.374363 -18.010200 -0.196185 0.858485 0.417857 0.223406
1665025203.401468 -19.190420 2.563864 -17.454763 -0.214610 0.854838 0.428109 0.199796
1665025204.401354 -19.343793 1.741186 -16.907334 -0.218324 0.864742 0.415892 0.177733
1665025205.401009 -19.522167 0.964620 -16.303075 -0.201657 0.865945 0.407069 0.209209
1665025206.400868 -19.746963 0.172322 -15.735864 -0.202331 0.855994 0.426342 0.211114
1665025207.400849 -19.966610 -0.638705 -15.193654 -0.178234 0.856841 0.420167 0.239827
1665025208.400849 -20.285973 -1.442238 -14.691318 -0.135249 0.856855 0.428048 0.253539
1665025209.400849 -20.605897 -2.235098 -14.172645 -0.144639 0.846990 0.425013 0.284695
1665025210.400832 -20.927401 -3.036552 -13.668356 -0.170512 0.843762 0.414737 0.294931
1665025211.400712 -21.254862 -3.820686 -13.141191 -0.167332 0.869421 0.387677 0.256543
1665025212.400595 -21.583080 -4.577568 -12.576034 -0.198551 0.880905 0.383197 0.194277
1665025213.400595 -21.819903 -5.324920 -11.955244 -0.176672 0.892794 0.377301 0.171319
1665025214.400595 -21.905409 -6.033335 -11.254646 -0.220233 0.910307 0.347507 0.045574
1665025215.400678 -21.673143 -6.595008 -10.460558 -0.304336 0.895198 0.273805 -0.176157
1665025216.400869 -21.043808 -6.839891 -9.723016 -0.331868 0.836582 0.230192 -0.370144
1665025217.400768 -21.521217 -7.587090 -9.260658 0.366605 -0.713372 -0.145927 0.579143
1665025218.400768 -20.652317 -7.537287 -8.768182 0.378846 -0.641071 -0.101256 0.659735
1665025219.400768 -19.744070 -7.139071 -8.639686 0.392598 -0.641174 -0.096551 0.652258
1665025220.400768 -18.839925 -6.730016 -8.516416 0.393487 -0.640985 -0.104431 0.650692
1665025221.400768 -17.920960 -6.364246 -8.369057 0.384400 -0.654922 -0.114289 0.640509
1665025222.400768 -16.985321 -6.051086 -8.206237 0.366066 -0.673663 -0.133291 0.628019
1665025223.400768 -16.041737 -5.795092 -7.996195 0.367781 -0.703829 -0.159240 0.586519
1665025224.400812 -15.127787 -5.685324 -7.605496 -0.352430 0.783700 0.199574 -0.470933
1665025225.401075 -14.252754 -5.678809 -7.121476 -0.327199 0.819407 0.228162 -0.411649
1665025226.401132 -13.437473 -5.783699 -6.551989 -0.323175 0.822994 0.223080 -0.410457
1665025227.401132 -12.635033 -5.908615 -5.968478 -0.314355 0.843861 0.248898 -0.356552
1665025228.401132 -11.900099 -6.149136 -5.334426 -0.301139 0.854717 0.257805 -0.335128
1665025229.401132 -11.206477 -6.420878 -4.667309 -0.277547 0.870667 0.272318 -0.301248
1665025230.401132 -10.575270 -6.746927 -3.963555 -0.257889 0.895190 0.282885 -0.228265
1665025231.401132 -10.026100 -7.138380 -3.225194 -0.250621 0.905446 0.280934 -0.196044
1665025232.401132 -9.591614 -7.568381 -2.433790 -0.234245 0.913376 0.297813 -0.148933
1665025233.401132 -9.186931 -8.049780 -1.656302 -0.223474 0.914641 0.315279 -0.118704
1665025234.401132 -8.822933 -8.564559 -0.880089 -0.225635 0.914748 0.315443 -0.113225
1665025235.400966 -8.449900 -9.067836 -0.100628 -0.235577 0.911564 0.310873 -0.130048
1665025236.400977 -8.070763 -9.588927 0.664042 -0.232935 0.908850 0.313677 -0.146084
1665025237.400990 -7.656955 -10.076831 1.432620 -0.232591 0.910442 0.311719 -0.140811
1665025238.400990 -7.251424 -10.568764 2.203039 -0.235976 0.908080 0.312950 -0.147540
1665025239.400990 -6.837006 -11.068974 2.963334 -0.236478 0.904889 0.316859 -0.157655
1665025240.400990 -6.405528 -11.557604 3.721666 -0.237317 0.905874 0.317092 -0.150082
1665025241.400990 -5.975514 -12.038729 4.485608 -0.239837 0.903525 0.320810 -0.152321
1665025242.400712 -5.536334 -12.533675 5.235374 -0.246071 0.900548 0.323278 -0.154771
1665025243.400696 -5.122988 -13.032312 5.997283 -0.246321 0.907959 0.313287 -0.129565
1665025244.400710 -4.759639 -13.545104 6.775115 -0.232145 0.915537 0.310387 -0.107518
1665025245.400710 -4.417065 -14.060311 7.560739 -0.232705 0.912842 0.316099 -0.112471
1665025246.400710 -4.052935 -14.576674 8.335837 -0.239209 0.906327 0.328053 -0.117180
1665025247.400710 -3.690122 -15.108009 9.101377 -0.235490 0.909536 0.320631 -0.120352
1665025248.400710 -3.313663 -15.636960 9.861961 -0.238319 0.906781 0.323524 -0.127612
1665025249.400710 -2.950404 -16.162997 10.630940 -0.226702 0.910501 0.319453 -0.132455
1665025250.400710 -2.566890 -16.672463 11.401240 -0.226841 0.909565 0.323830 -0.127943
1665025251.400710 -2.203596 -17.213643 12.159621 -0.217447 0.915437 0.317934 -0.116665
1665025252.400910 -1.860348 -17.717704 12.952150 -0.221362 0.923302 0.296167 -0.103907
1665025253.401026 -1.534463 -18.198785 13.766005 -0.228172 0.913175 0.321339 -0.103872
1665025254.401072 -1.211109 -18.736958 14.544345 -0.219331 0.915273 0.325444 -0.090857
1665025255.401072 -0.905240 -19.277310 15.328222 -0.219738 0.914606 0.327634 -0.088697
1665025256.401265 -0.599306 -19.823398 16.108089 -0.223506 0.916316 0.320573 -0.087422
1665025257.401486 -0.291681 -20.371471 16.885896 -0.223115 0.918418 0.314615 -0.088012
1665025258.401556 0.002623 -20.889009 17.689351 -0.224150 0.917748 0.314652 -0.092139
1665025259.401556 0.313336 -21.415122 18.480970 -0.225347 0.915933 0.318237 -0.094922
1665025260.401556 0.600159 -21.973392 19.259473 -0.197491 0.920156 0.337292 -0.023343
1665025261.401196 0.796875 -22.581689 20.028419 -0.200600 0.917469 0.343046 -0.018154
1665025262.401124 0.966980 -23.189830 20.803808 -0.204709 0.917744 0.340157 -0.011539
1665025263.401192 1.213340 -23.752696 21.592788 -0.234692 0.915211 0.319256 -0.073372
1665025264.401656 1.733631 -24.155557 22.345783 -0.300063 0.874486 0.265444 -0.273451
1665025265.401498 2.436038 -24.370028 23.024478 -0.343388 0.802691 0.205839 -0.442042
1665025266.401498 3.279717 -24.394616 23.560761 0.369902 -0.766044 -0.160991 0.500430
1665025267.401498 4.159678 -24.280946 24.022008 -0.367957 0.777344 0.155963 -0.485818
1665025268.401498 5.023963 -24.156301 24.509321 -0.364866 0.778809 0.146537 -0.488730
1665025269.401498 5.879390 -24.026757 25.010783 -0.363083 0.780455 0.148687 -0.486777
1665025270.401498 6.732254 -23.883567 25.512897 -0.361573 0.780141 0.138275 -0.491452
1665025271.401956 7.356388 -24.348189 26.141056 0.368618 -0.725055 -0.109450 0.571346
1665025272.401903 8.252015 -24.060221 26.480064 0.382329 -0.622313 -0.045565 0.681524
1665025273.401600 9.117817 -23.559910 26.488795 0.381771 -0.509887 0.011846 0.770795
1665025274.401162 9.961593 -23.026640 26.428257 0.373144 -0.450166 0.036971 0.810400
1665025275.401038 10.620890 -22.382771 26.039979 0.369431 -0.354153 0.077152 0.855654
1665025276.401038 11.082876 -21.683483 25.494483 0.353851 -0.252308 0.112305 0.893598
1665025277.401038 11.455798 -20.990263 24.877738 0.355933 -0.211592 0.136576 0.899937
1665025278.401038 11.741264 -20.300481 24.212372 0.345589 -0.204660 0.147164 0.903895
1665025279.401038 12.025229 -19.621170 23.535689 0.343642 -0.216520 0.139142 0.903144
1665025280.400836 12.372936 -18.921608 22.911419 0.358296 -0.282753 0.118506 0.881834
1665025281.400833 12.799440 -18.221665 22.338555 0.360743 -0.346074 0.091935 0.861188
1665025282.400839 13.322393 -17.527781 21.843535 0.365507 -0.347288 0.090411 0.858849
1665025283.400839 13.875024 -16.843387 21.367925 0.363032 -0.363651 0.082989 0.853861
1665025284.400839 14.448775 -16.157164 20.920816 0.367653 -0.390584 0.072370 0.840856
1665025285.400839 15.055262 -15.479651 20.504703 0.371845 -0.409690 0.059738 0.830853
1665025286.400839 15.682521 -14.806524 20.112980 0.373424 -0.409181 0.058159 0.830508
1665025287.400839 16.312765 -14.132148 19.728261 0.372634 -0.409251 0.054862 0.831052
1665025288.400839 16.962168 -13.477900 19.340659 0.371213 -0.425820 0.055201 0.823305
1665025289.400839 17.613293 -12.810816 18.978671 0.369851 -0.424408 0.053033 0.824788
1665025290.400839 18.249478 -12.140648 18.596383 0.374057 -0.391658 0.064180 0.838193
1665025291.400672 18.891245 -11.455010 18.252821 0.342540 -0.192642 0.147119 0.907696
1665025292.400629 19.151006 -10.773381 17.568785 0.341689 -0.189337 0.152251 0.907866
1665025293.400628 19.425653 -10.096968 16.885385 0.345601 -0.199152 0.169456 0.901212
1665025294.400628 19.684534 -9.409670 16.206708 0.334843 -0.238357 0.145955 0.899869
1665025295.400628 19.975776 -8.734930 15.528546 0.343729 -0.214741 0.148423 0.902057
1665025296.400628 20.245944 -8.056622 14.845240 0.341162 -0.186104 0.156462 0.908016
1665025297.400628 20.456357 -7.380516 14.139119 0.340566 -0.171387 0.160392 0.910448
1665025298.400628 20.626988 -6.704606 13.422160 0.341679 -0.151853 0.163945 0.912863
1665025299.400474 20.786195 -6.024629 12.706419 0.336791 -0.137408 0.170664 0.915732
1665025300.400398 20.921931 -5.361256 11.970544 0.331002 -0.130152 0.175623 0.917962
1665025301.400395 21.065819 -4.693983 11.239762 0.334963 -0.149056 0.171841 0.914359
1665025302.400395 21.171152 -4.027829 10.501424 0.317255 -0.063038 0.198075 0.925279
1665025303.400395 21.153488 -3.417072 9.709802 0.316329 -0.049570 0.202680 0.925419
1665025304.400395 21.140313 -2.792462 8.928976 0.325815 -0.086080 0.188716 0.922400
1665025305.400395 21.174139 -2.147988 8.165099 0.325734 -0.099018 0.184939 0.921895
1665025306.400395 21.252202 -1.507868 7.400800 0.335264 -0.141606 0.168453 0.916062
1665025307.400310 21.383526 -0.831410 6.676122 0.334806 -0.135341 0.173279 0.916276
1665025308.400329 21.518077 -0.174959 5.933850 0.332525 -0.129591 0.176625 0.917299
1665025309.400338 21.621131 0.484447 5.189160 0.330343 -0.121259 0.178113 0.918937
1665025310.400338 21.790931 1.141598 4.454775 0.327573 -0.180658 0.161476 0.913227
1665025311.400338 21.973768 1.790033 3.715787 0.352724 -0.168443 0.138094 0.910024
1665025312.400338 22.199269 2.477505 3.025474 0.344106 -0.170699 0.150225 0.910980
1665025313.400361 22.397793 3.161722 2.323738 0.346200 -0.161476 0.156233 0.910858
1665025314.400466 22.560444 3.846655 1.613518 0.340130 -0.133835 0.167001 0.915702
1665025315.400501 22.681250 4.525728 0.889456 0.338369 -0.114321 0.175559 0.917396
1665025316.400501 22.759122 5.190764 0.146715 0.339149 -0.110457 0.175772 0.917541
1665025317.400501 22.848114 5.859064 -0.591834 0.336352 -0.110777 0.178732 0.917960
1665025318.400501 22.934787 6.528865 -1.329299 0.343204 -0.131392 0.174792 0.913452
1665025319.400501 23.045109 7.202733 -2.059867 0.344125 -0.132001 0.172616 0.913432
1665025320.400501 23.188092 7.875407 -2.785861 0.339325 -0.133295 0.173037 0.914959
1665025321.400501 23.305572 8.533716 -3.529384 0.339335 -0.129294 0.174767 0.915200
1665025322.400501 23.409941 9.199851 -4.267876 0.339334 -0.125606 0.178710 0.914953
1665025323.400501 23.486047 9.861554 -5.013771 0.344001 -0.122635 0.179390 0.913479
1665025324.400501 23.058338 9.187509 -4.411500 0.342286 -0.121937 0.179013 0.914290
1665025325.400501 23.928782 9.439250 -3.988471 0.342286 -0.121937 0.179013 0.914290
1665025326.400501 24.014056 9.025008 -3.082308 0.342286 -0.121937 0.179013 0.914290
1665025327.400501 24.551009 9.765706 -3.486100 0.342286 -0.121937 0.179013 0.914290
1665025328.400501 24.798287 10.691018 -3.773590 0.342286 -0.121937 0.179013 0.914290
1665025329.400501 25.500668 10.040184 -3.485363 0.342286 -0.121937 0.179013 0.914290
1665025330.400501 26.409990 10.440648 -3.372394 0.342286 -0.121937 0.179013 0.914290
1665025331.400501 26.837742 9.720054 -3.918079 0.342282 -0.121939 0.179014 0.914291
